author,comments,downvotes,id,score,selftext,title,upvotes
Niall,1410,2555,1r6f8w,2414,,ELI Americans What exactly happened to Detroit I regularly see photos on Reddit of abandoned areas of the city and read stories of high unemployment and dereliction but as a European have never heard the full story,4969
JayClone,1696,3387,1qt1u0,2289,,ELIWhy dont car manufacturers make all cars as visually appealing as Ferraris or Lamborghinis,5676
littlenosedman,686,1760,1r4lvt,2182,,ELI How does the infamous NYSE pit depicted in many movies actually function How can hundreds of people screaming and waving tickets actually work,3942
jacknodoubt,1888,2184,1qvzpb,2023,Edit Thank you to every one  who have a REAL answer and not just shouting obscenities for those wondering the answer boiled down to Money amp Structural strength rather than the actual materials used Special thanks to uthrow for easily the most useful info,ELI Why arent houses in America that have a high probability of getting struck by a tornado arent built from bricks and mortar like in the UK,4207
ydeer,1680,1363,1r2clx,1844,EDIT Thank you for all the beautiful comments However I want to be a little more scientific I understand that waking up in the middle of a sleep cycle is why this happens but what is going on in our brains that causes this bad feeling I guess explain it like Im ,ELI Why do we generally feel like shit when we first wake up Other then getting adequate hours of sleep what are some things we can do to avoid this feeling upon waking up,3207
Daevidd,708,2321,1qyt7q,1825,,ELISooooo is a tumor edible Is it meat Will it kill you if you eat it sorry for grossness,4146
raytrace,679,1195,1r1y49,1680,Edit Please read Efficient batteries My mistake,ELI Why arent the phone manufacturing giants like Samsung and HTC focusing on longer batterylife at least  days average use Is it not what most people need in a phone,2875
AKAEnigma,254,1043,1qrdc9,1644,,ELIHow do digital devices know how much energy is left in their batteries,2687
Ookkaayy,477,827,1qufcc,1396,And is there any way to make them go away,ELI Why do we get bags under our eyes when were tired,2223
piecesandbits,1017,1011,1r0x5i,1235,My son presented this plan to me and Im not clever enough to refute it Smart people of Reddit to the rescueThe plan Build Tesla coils on a grid to ozonate the oxygen in the CO This helps provide protection from the suns radiation and would in turn break apart into oxygen like on Earth The Tesla coils could also be used for their original purpose of wireless transmission  Put electro magnets in orbit of the planet to form a magnetosphere of sorts to protect against solar flares solar winds and meteors,Can my sons plan to terraform Mars work,2246
BuffHagen,328,556,1r8d24,1212,My house and the outside are the exact same temp right nowwhy does the outside feel warmer,ELI Why does my house feel like an arctic wasteland when the thermostat is set at  yet when its  outside Its extremely comfortable,1768
renkisudo,476,549,1qus8f,845,This counts towards me too Ive watched countless videos of people being seriously injured or killed But I dont get as emotional as when I see a puppy get thrown off a cliff,ELI Why is it that most people get more emotional when they see animals get hurt as opposed to seeing other humans get hurt,1394
CupcakeWarrior,203,402,1qyevp,847,,ELI When Google pays Mil For Altering Its Cookies to Circumvent User Preferences Blocking rd Party Ad Tracking Cookies Who exactly gets that money,1249
TwentyThousandLeague,186,168,1qw3gz,472,,ELI why doesnt the International Space Station ISS run out of air Is it capable of making its own air Do we presently have the technology to make a selfsustaining biosphere in space,640
aether,147,226,1qvvz2,473,,ELIWhy does game such as Skyrim with a huge open world only require  disc but a game like Call of Duty Ghosts require  discs,699
ADashOfRainbow,116,211,1qzo91,461,Clearly we see new actors and I assume they must all be part of the Screen Actors guild With requirements like most entry level jobs pause for laughter how on earth does any one break into acting,ELI In order to work on a SAG film you need to have a SAG card To get a SAG card you must first have worked on a SAG film How does anyone get into the Screen Actors guild if the requirements are like this,672
Josephdirte,128,160,1qzwea,405,Why is there so much variability in signal strength,I am currently sitting in a vehicle m from my wireless router but yet I still have a reasonably strong signal From the same router there are rooms m away where my signal is terrible What gives,565
PeytonDanning,279,139,1qw698,342,,ELI Why wont gas prices go back to pre prices if we are producing as much if not more oil,481
EaterOfSound,51,109,1qsez2,286,,ELI If insider trading is illegal for employees of corporations why are US Congress members allowed to use the stock exchange to monetarily benefit from information that is not publicly available,395
ntcreatlve,98,81,1r81t5,278,The Article httpmichaelsnydermensnewsdailycomchinaannouncesthatitisgoingtostopstockpilingusdollars,ELI China has ceased stockpiling US DollarsWhat does this mean and what are some of the effects well see short amp long term,359
absoluted,122,125,1quky2,247,,ELI Quantum Computing,372
chellyy,72,91,1r85ck,244,,ELIWhy when I sleep in I dont get hungry for a couple hours after waking up but when I wake up early for work Im starving when I wake up,335
brophy,38,107,1qumjc,193,Im guessing its so its universal in that case why isnt it pictures,ELI Why is it better for Braille to be lines and dots instead of just being the actual letters of the word,300
algebratextbook,52,96,1qu285,191,Does drinking a lot of water have anything to do with it,ELI What happens inside the body during diarrhea,287
CarrotCake,47,111,1qy6hb,185,Ive always wondered this,Why do we prefer to sleep in the dark,296
KevintheBold,203,74,1r85d5,180,,ELI Why do women live longer than men on average,254
VoxImperatoris,148,79,1r65h7,174,Every time Ive seen Mexican Coke and Pepsi it comes in glass bottles And Ive also had Thums Up at Indian restaurants that also comes in glass bottlesWhy is soda sold in glass bottles in these countries Isnt it more expensive Wouldnt you expect it to be the other way around that in richer countries they would sell soda in nicer bottles I know they sell Coke in glass bottles in some places in the US but it is way overpriced compared to cans I dont see why anyone on a budget would buy the glass bottles,ELI Why does soda from poorer countries like Mexico and India come in nice glass bottles while it comes only in cans and plastic bottles in the US,253
Byrnz,35,56,1r5nf9,167,,ELI If a limb gets amputated what happens to the veins routing to that body part How do they not clog ,223
talkshitson,50,58,1r81m0,155,Eg  Only Comcast Argh is available in my neighborhood and just keeps raising the price and now is making us sign up for a contract,ELIWhy are ISPs not considered monopolies,213
edwardmoore,95,78,1quw6t,148,,ELI What makes the number e so special and why is it used as the base of the natural logarithm,226
ammanbesaw,82,48,1r4irz,141,,ELIWhy does a sniper need a spotter when both of them are using scopes to look at the target And how does the spotter know the wind speed if there are no moving objects like trees or a flag,189
Wthepooh,61,72,1qw73k,144,,ELIWhy can I get sent to jail for an adverse post on social media yet get away with saying anything I want in a song,216
cstar,107,60,1r0zwu,139,Ive googled this but none of the answers are making sense to me Can someone help me out,ELI What is the Illuminati and what is the big deal surrounding them,199
didyoujusthellnaw,96,68,1qxzm1,138,EDIT  Very interesting answers so far folks However this does not come from a young teenager as some seem to be assuming Im  and am thinking more in terms of how senior politicalbusinessauthority figures view young adults and older teenagers Sorry should have specified,ELI Why do so many older people seem to lose empathy for young people even though they went through the same things,206
LonghornWelch,59,91,1qzaf5,130,,ELI Whats the difference between a Prime Minister and a President,221
huckingfipster,53,51,1qurfj,122,I know this is sort of a repost but I searched and the posts related to this were archived without any decent explanation Also theres a hot post in rfunny that might be sending a lot of people to seek more information on the whole conflict between England and Ireland so I think itd be nice to put it in simple termsThat being said Im an American and I really have no clue whats up with the Atlantic Archipelago although I would like to since my ancestors are Irish Scottish English and Welsh ELIEDIT ukittensandcardigans gave me a really good explanation over Skype and your comments were really useful too Ill sum up what I think it all means based on all your explanationsEngland first occupied Ireland in the s Since then theres been a ton of conflict between mostly Catholic nationalists who feel that Ireland should be controlled solely by the Irish and mostly protestant unionists who are in favor of the union between Ireland and England The IRA originally fought for nationalist ideals against Englands soldiers In  an act was passed that split the country into Northern Ireland mostly protestant unionists and the Republic of Ireland mostly Catholic nationalists At this point the IRA sort of mellowed out and other groups formed from it like the Real IRA and the Provisional IRA These groups still fight for Irish independence against the Ulster Volunteer Force UVF for short and other unionist paramilitary organizations The Troubles were a period of increased fighting in the s following Bloody Sunday in  Bloody Sunday occurred when a group of Catholics who were peacefully protesting for their civilrights in Derry a city in mainly protestant Northern Ireland under the watch of British soldiers were massacred Much like the Boston Massacre here in the states shots were fired and the soldiers got a bit trigger happy and killed  of the protestorsTLDR Dont order a black and tan or Irish car bomb if youre actually in Ireland,ELIThe conflict between Northern Ireland ROI and England the IRA the Troubles etc,173
IGotBadHair,47,51,1r81zs,118,,ELI How do we stop smelling an odor after a while got used to it,169
redrubberbands,50,58,1qrb2k,109,Lets say that hypothetically there is a destructive war or earthquake that destroys the computer servers of my bank If I had a thousand dollars in my account is that money gone ,ELI Are banks able to forget how much money I have in my bank account,167
FeelsofJustice,29,69,1r0quc,105,,ELI Why does our skin leave white marks when we scratch or get scratched,174
PeacefullyInsane,54,57,1r68nn,103, What is the general belief Is Scientology monotheistic or polytheistic Does Scientology have a basis of sin Whatwho is their god ,ELIWhat exactly are the beliefs of Scientology,160
hanyuqn,33,48,1r12u8,100,,ELIHow is it determined how many calories including fatproteincarbohydrates are in an item of food,148
Jig,71,39,1qy2bf,100,,ELI Why is the combination of saltpepper so integral to nearly every western savory dish,139
Neekster,73,50,1r6jl2,94,I always thought they were the same thing but my teacher said they were different today ,ELI What is the difference between a lawyer and an attorney,144
godevil,92,59,1qwbed,87,,ELIwhy is x the most commonly used variable,146
Bobatrawn,19,40,1r5zyt,81,I just dont even know where one would start,ELIHow do historians or linguists decode and translate an ancient language that hasnt been spoken in a long time,121
twovices,34,34,1qtoth,83,To clarify Im not asking for a cure to this problem but a scientific explanation as to why   Thank you,ELI How come sleeping too much makes you feel tired,117
Eskinor,27,29,1quv9u,79,,ELI Why is it that northern countries and landmasses like Canada and Scandanavian countries appear so fragmented and cracked,108
ProbablyProne,36,34,1r1auz,77,I know there is a political and historical answer to this but I dont know what it is  What I do know is that doctors are saying tooth health is related to heart health and while perhaps teeth are just cosmetic now that we have grocery stores blenders and Thickit living with no teeth isnt exactly normal or healthy  Same thing goes for glasses and contactswhy the heck do we not put all healthcare providers in the same bracket  I really dont know  Im sure the answer is money but Id like to know the story  Thanks Reddit,ELI Why are dentists optometrists etc not part of the standard medical community In other words why doesnt all insurance cover visiondental,111
bigatrop,34,48,1qzu4x,75,,ELI How does water reset bed hair,123
LakFax,97,54,1qwcn3,75, ,ELI Why when animals start their period or heat male animals can tell but with humans we cannot,129
LikeNoneOther,23,55,1que59,80,,ELI Why do most products have a Made in country label,135
orangestuff,19,41,1qu2id,71,,ELI How do voice recognition applications like Siri know what were saying,112
hooizyoo,27,47,1qt3wy,68,,ELI If the human body temperature is  degrees why does a  degree air temperature feel uncomfortably hot,115
uploader,41,30,1qzona,70,Is the digestive system just recognizing what I am taking in faster or is my liver storing up what it needs in anticipation of more alcohol or whatEDIT I am truly sorry I see numerous good responses to this but have yet to determine whether or not this is actually answered due to drinking I will flag it as soon as I am sober and feel that I am clearheaded enough to make such a decision ,ELI What is actually happening in my body when I build a tolerance to something like alcohol,100
stevemunny,63,43,1r85bc,60,,ELI Why do people get munchies after smoking weed,103
ghobs,63,22,1r5n50,62,,ELI If Snapchat hypothetically accepted Facebooks offer of  billion in cash how would such a large amount of money be transferred,84
BlindJesus,17,23,1qxxcd,61,,ELI How can forensic artists be so relatively accurate when someone describes the appearance of a person I cant even describe my fathers face,84
Sachio,12,28,1qu54v,56,,ELI Is there or was there ever an official difference between naming drives avenues ways streets roads boulevards parkways and any that I may have missed,84
freddyboiah,23,22,1qxi1t,53,,ELI How do military personnel on covert missions ie snipers etc keep their noisy bodily sounds under control ie sneezing stomach rumbles etc,75
FrozenBatman,19,30,1qqxrb,51,Are the extra chromosomes sometimes partial,ELI If down syndrome is caused from a person only having one extra chromosome why are there worse cases of down syndrome than others,81
EnduroType,41,15,1r4qbd,50,As I was sitting in class yesterday I noticed a classmate with a military type camouflage which was pixellated and sort of unnatural looking as opposed to hunting camouflage which is more flowing and natural looking Why did the military decide that it was better Thanks in advance,ELI Why is military camouflage pixellated,65
Karlsch,16,9,1qsfql,51,I know it is essential in functional programming I just cant wrap my head  around it,ELI Lambda calculus,60
Gradical,9,14,1qzi7b,48,,ELI FXX just paid  million for The Simpsons syndication rights The Simpsons is a Fox property produced by th Century Fox FXX is a Fox property as part of the Fox media group So uh isnt this just a question of inhouse money shuffling,62
misterpickles,11,28,1qri4d,45,Images like the one in these imageshttpimgurcomaQrDTe make me wonder whats going on,ELI how do water molecules on one side of a snowflake know to line up like molecules on the other side making a snowflake symmetrical,73
Thugable,20,17,1qxvxx,46,As the title says and for that matter how is that any different from PPI,ELI Whats the difference between pk and Apples Retina Display,63
GOINGgraHAM,66,30,1r6699,44,,ELI Why does the United States have among the highest rates of poverty and income inequality of any developed nation,74
babylonvengeance,17,22,1qwf4j,42,I mean why do we feel like were falling or flying but in reality were just laying there Same goes for the sensation of getting shot drowning etc ,What causes the sensation of falling andor flying when we dream,64
TKirby,38,24,1qsrmj,43,,ELI Why do American colleges and universities spend millions of dollars on nonrevenue generating athletic teams,67
krazykid,22,19,1r5fse,39,I assume it has to do with the lunarsolar calendar thing but what exactly is going on,ELI This year Hanukkah and Thanksgiving fall on the same day and apparently this wont happen again for another  years Why is it so rare and why  years,58
isaidicanshout,16,16,1r2o1k,39,I life in San Francisco and a new house is going up on my block Its been raining the last few days and I see these guys just going about their business putting up walls and such The house is just wood framing and a foundation at this point Isnt this horrible for houses It must happen all the time,ELI Water damage is horrible for houses So what about when constructing a house and its completely exposed for weeks and it rains,55
ImDatinYourMom,30,14,1qycq5,41,Im not sure if ELI is the correct subreddit for this but I figured Id give it a shot I dont even really know how to ask this without answering my own question What actually stops a foreign country from invading and taking over a Neutral country Ive been doing a little research on what makes a country such as Sweden neutral during a conflict and came across thisgt As long as the country is officially recognized as neutral no country can legally form plans to invade it or use it as a base of operationsHeres what I would be thinking if I was the General of whatever army and wanted to go in and take the Swedes stuff Who cares Legally we cant invade but whats going to happen The UN is going to sanction me For example in WWII Germany invaded Denmark and Norway both Neutral so the Allies decided to invade and occupy Iceland also Neutral to better defend the Atlantic against the Nazis From what Ive come across there were no repercussions for either side The Allies did pay for anything they broke in Iceland but thats far from any real consequence If Germany had been successful on the Eastern Front and beaten Russia and Finland they likely would have gone after Sweden another Neutral country Switzerland most likely only avoided invasion by the Nazis in WWII because the Swiss bankers would willingly help Nazi officers hide and store money in their country Hopefully someone can enlighten me because I dont see any real reason to leave a Neutral country alone during the next world war,ELI Does anything actually stop a foreign army from invading a Neutral country,55
MaaC,33,7,1qrj66,39,We have more advanced building techniques equipment engineers and architects  Why would it take us  or  times as long to build it now  And shit  no longer a lurker  I love this place,ELI in  the empire state building was constructed in  months Its estimated it would take  to  years to reproduce today Why,46
iamtooyoungforthissh,13,22,1r5s4j,38,,ELI What causes that chills feeling you get when you read something impactful,60
tommytampa,17,10,1r55l9,41,,ELI Why do we have to pay for cablesatellitefiber optic TV each month when all the shows still present ads,51
jessecon,12,23,1quy87,36,It seems like just a few years ago anonymous was pretty legitimate and also a little frightening Could seem that way to me because I was young when I first heard of them Has their agenda changed,ELI why anonymous has recently been heavily criticized and made fun of,59
MrLon,15,14,1r80pg,39,I cant believe Ive never found this out,ELI When you get a physical and the doctor has you turn your head and cough what exactly are they feeling for and why,53
GoldCash,30,15,1r7keo,35,,ELIHow do you get depression Do things that make life miserable alter the chemicals in our brains are certain people more likely to be depressed,50
BATHULK,54,9,1qzlsp,35,I cant seem to find a simplified explanation of the philosophy,ELI What is existentialism,44
MAZF,37,17,1qwe5h,35,Im thinking about Superbowl adsmillions of dollars for  seconds of glory  Do companies just have an absurd amount of money to spend,ELI How are commercials costeffective to a company Has anyone ever seen a comercial and thought Wow Im going to go buy that,52
keraneuology,30,25,1quwmu,35,,ELIWhy do SonyMicrosoft leave so much money on the table during the initial launch of their game consoles Supply and demand would allow them to charge much much more at the start then lower the price as the initial demand surge abated,60
bluejedi,27,34,1r85pd,31,Here is an examplehttpwwwhuffingtonpostcomblackfridayshoppersliningupbestbuynhtmlNow be it folks lining up  days or  days or  days early for Black Friday Sales how do these folks shower shave eat work take care of the kids pay their bills go to the bathroomespecially at night when the store is closed and most of all how is this not seen as loitering or trespassing when at other times of the year it would be seen as such,ELIWhen people are lined up for black Friday sales days in advance how do they do normal life stuff,65
abominablem,11,11,1r6954,37,,ELI What is a game engine,48
undead,28,21,1r5f51,36,,ELI Why are we so worried about a water shortage when there is plenty of ocean water Why dont we just filter the salt out,57
IniproMontoya,23,18,1qt4g8,34,Was reading about Robert HansenhttpenwikipediaorgwikiRobertHansen tldr he killed  women in alaska and noticed at the top of the article it mentioned that he was serving  years in a correctional center  Why would they make his sentence that long instead of a life sentence If the means became medically possible would his life be extended to serve the rest of his prison sentence,ELI Why are some criminals given outrageously long sentences  years,52
Janscho,9,8,1qs3t3,34,,ELI How do subcultures like punks juggalos etc get popular and make people change their lifestyle,42
suicidebylifestyle,9,6,1qxo9v,32,,ELIWhat are the stick things horns on a giraffes head do they serve a purpose if they dont are they vestigial of something that once did,38
fucuntwat,14,10,1r60wu,34,I guess Im just curious can they just chill in port while the storm surges around them and be fine Are they too big to capsize Do they move then if a hurricane is coming,What happens to cruise ships in hurricanes,44
catshit,33,11,1r45v7,33,,ELI What are the arguments against high fructose corn syrup Why does everyone think its so much worse than real sugar,44
brooksbl,5,4,1qveab,32,,What does music sound like to animals,36
jelloc,57,24,1qsybd,28,,ELI Why isnt tax included in the price prior to check out,52
LastDesertFOX,21,21,1r8edp,29,Looking at the world population I am curious on why Chinas population is so much especially when they have had a child limit for years,China has limited its population for several decades to one child per couple Their current numbers are still in the range of  billion Why,50
APairofChoppers,63,21,1r8cc4,33,Motzart Bach these men were world wide famous and entertained kings were writing symphonies at age  Do people exist with the same intellect and abilities of the classical greats or did the geniuses fade away with the decline of popular interest in classical music,ELI Did the decline of interest in classical music mean there are no geniuses such as Motzart left or do geniuses on par with the greats still exist and we just dont hear about them due to lack of popular interest in classical music,54
bullethole,37,8,1r8euv,34,I am thinking of a James Bond type scenario where the criminal creates some contraption to lower you into a pit of lava  You obviously wouldnt die because your feet were burned off but there has to be a point where your body and brain give out  I know you would likely go into shock but lets say for argument sake that your secret agent buddy will reverse the lowering mechanism at some point  How far could you go and still survive,If you are slowly dunked into lava feet first when do you die,42
btcowlishaw,9,7,1qx4ig,30,,ELI What the difference is between race and ethnicity and why we differentiate between the two,37
aicss,18,3,1qrtkm,33,It always seems like police dogs automatically know who is a cop and who is the criminal I am curious how they are able to tell who is whoEdit Just to be clearer What prompted me to ask this was I was watching Cops and the officers called in K to help convince a suspect to come outside When K showed up on the scene the dog was calm and wasnt barking at all When the suspect came out the dog immediately started barking and pulling on the leash trying to go after the guy So thats what I mean when I say how can the dog tell the difference,ELI How do police dogs differentiate between other officers and the criminals they are chasing,36
DizzyPanda,10,6,1r59ub,28,,ELI What would happen if Valve went out of business and Steam shut down Will I still be able to play the games I bought since you need to connect to their server to play a game,34
darthqueeg,16,14,1qzoxw,23,Im trying to understand what Common Core means and why its so divisive ,ELICan someone explain Common Core loaded I know,37
TheOldSensei,9,13,1quo4c,29, liter bottle of Coke for a  vs the same drink for  a grocery store,ELI How do dollar stores manage to sell brand named products for such a low price,42
ShroomChange,15,3,1qs494,28,What is soap made ofhow is it made and what in the soap kills germs,What is soap and how does it work,31
colin,9,5,1qrmp9,25,,ELI Why my eyes tear up when I yawn,30
dbwv,27,23,1r29cs,28,All the videos I have seen are collectively the worst publicity I have seen for any public official Ive heard reports of the government trying to limit his power but how has he not been fully removed yet He has the internet image of a drunken cracked out Tommy Boy Why is he still in office,ELIHow is the mayor of Toronto still the mayor,51
brodaddy,17,14,1r0feo,27,,ELI The difference between a single payer healthcare system and the system set up by the Affordable Care Act,41
Aldheim,7,6,1qsg3a,26,As a person living in New Zealand whose major form of entertainment is digital media it becomes infuriating when things I like are only available to people in the USA Surely it requires much more effort to impose these barriers than to let the whole world access the content,ELI Why do sites like Youtube and Amazon impose restrictions based on country,32
miserablesackofshit,32,17,1qy7lx,25,,ELI How time signatures work and why  whatever that is seems to be frowned upon etc,42
jayfruechte,11,21,1qy19n,24,,ELIWhy do we feel safer beneath the covers,45
mchavarria,60,21,1qxyeu,25,,What exactly was there before the Big Bang,46
TowelstheTricker,23,21,1r2eit,21,Is there something about hairloss that targets Male genes over Female ones,ELI Why are there far more bald men than bald women,42
jakfrist,25,12,1r24p8,23,A couple of my friends were discussing the federal budget  One claimed that the last President with a surplus was Clinton the other claimed that there had been an increase in the national debt every year since After a quick google search it appears that they are both correct  How can this be possible  In order to have a surplus shouldnt you simultaneously be paying off debtsSourcesClinton Budget SurplushttpwwwwhitehousegovsitesdefaultfilesombbudgetfyassetshistzxlsNational Debt Though ClintonhttpwwwtreasurydirectgovgovtreportspdhistdebthistdebthistohtmNational Debt Bush amp Obamahttpwwwtreasurydirectgovgovtreportspdhistdebthistdebthistohtm,ELI How can the national debt increase while there is a budget surplus,35
beingernest,48,10,1qz4uh,25,Many PC gamers posit that consoles are holding back gaming How will this change with the new and improved PS and Xbox One,ELI How will this new generation of console hardware specifically the massive increase in RAM affect the gaming landscape in general,35
DEastman,11,21,1que0p,24,Does it become okay to eat and also is there an expiry date to poisons to humans like cyanide,ELI What Happens when Rat Poison Expires,45
ZakTheSharkable,19,17,1qtxqa,21,,ELI How did they shoot the zero gravity scenes in Gravity ,38
Spacebotzero,8,6,1r1bd1,25,Is there any science to it Ive been having all sorts of trouble sleeping recently and have found that  hour of sitting by my fireplace peering into the flame for a few minutes here and there is incredibly relaxing and I end up sleep like a baby Its incredibly memorizing relaxing soothing even What is happening here  ,ELI Not sure if its just me but why is it that staring into the flame of a fire is so relaxing,31
EvaExotica,7,12,1qule2,22,This might belong in a much more appropriate subreddit but Im not sure whichhttpenwikipediaorgwikiProstitutioninEuropeUsing Europe as an example you can see in multiple countries prostitution is legal but brothels arentWouldnt brothels provide a safer and more easily government regulated environment for prostitutes to work in I feel as if streetwalking for lack of a better word to describe it is much more dangerous and could lead to prostitutes being kidnappedrobbedmurdered etc I could understand if the government wished not to regulate brothels and they could be private institutions but it makes no sense to me that the act of prostitution would be legal but providing safe regulated environments for prostitutes wouldnt be I apologize for the syntax of the title That should be Why is prostitution allowed in some countries but brothels are not,ELI Why is prostitution allowed in some countries but not brothels,34
farhadJuve,51,11,1qsng9,22,I didnt grow up in the US so I dont have much knowledge on that topic Would love to learn more thank you,ELIWhy is the Vietnam War considered such a failure,33
electricsnowflake,12,10,1qsnfn,23,Why is it that when you say France people heavily associate cheese Why is it such a big deal and so associated with France and the Francophone culture,ELI Why is cheese such a big deal to the French,33
btcowlishaw,5,4,1qv6eg,23,,ELI what the Enron scandal was,27
gnp,13,7,1r2eu8,21,How does that blue chip swap or blue dollar work I read this on httpwwwvicecomreadargentinesneeddollarsvn but want to more fully understand what is going on ,ELIHowWhy is there a black market for money in Argentina,28
gprobinson,20,6,1r1ael,23,Its a pretty amazing trick where he hands a real deck to the victim has them do random nonsense move deck around split deck etc and then asks them to pick a random card The card then appears in the victims wallet under their watch or in their pocket Also would like ice pick through the hand with no blood explained When the doctors Xrayed the ice pick and it was real my mind was blown,ELI David Blanes card trick where the card the victim guessed ends up in pocket wallet etc,29
jamesdaltoniii,23,7,1r159q,21,,ELI If iron is contained in hemoglobin which is found in our blood how come magnets do not affect our bodies,28
KalHR,16,23,1r005x,18,This one song which Ive heard hundreds of times sounds ridiculously slow today,ELI Why does the tempo of a song seem slower than you remember sometimes,41
rymead,19,9,1qw3ek,21,,ELI How is a ghetto bad neighbourhood formed,30
initive,21,12,1r8cfe,21,,ELIWhy can some plugs be plugged in a socket both ways and others only one,33
ruesinkj,25,8,1r88xt,19,I see a lot of rigs and pumpjacks everywhere I go but I have no idea how it all works,ELISince its all over the front page today and I work in the heart of the bakken oilfield how does fracking work,27
NiggaPants,12,5,1r5g95,20,,ELI How does apple get away with patenting such basic designs on tablets and phones and how exactly is this samsung lawsuit even a thing,25
sholdensmith,18,14,1qze3o,19,I went to the local market and saw beef tenderloin for  a pound What makes this such an expensive cut Is it the demand for it Lack of supply,ELI Why is beef tenderloin so expensive,33
ElitistRobot,44,9,1qwd0c,20,Assume that I have exactly enough information to get terminology and not much else,ELI Why arent we taking advantage of the Earths magnetic field to generate electricity,29
mellowing,17,20,1quk0u,22,,ELI Why is radiation  why are radioactive materials so harmful to humans How do cause us damage,42
sholdensmith,31,5,1qrkof,19,So I understand that the stuff is going to be legal or is but what will that customer experience be like Right now in Oregon we have the dispensaries but theyre closedoff very weird places I would feel weird entering What will the stores in Washington State feel like,ELI What will pot businesses look like in Washington and Colorado,24
PurpleSfinx,16,6,1r7jbf,21,Evidently it is but it doesnt seem like it would be that hard Hackers do some crazy things Its obviously not just a matter of encrypting it because you can still just copy the encrypted dataEven if you couldnt just do it in a laptop and needed to make special disks or special drives you would think it would be worth the while of someone shady in ChinaSo how do they prevent thisI have programming experience so it doesnt quite need to be like Im five but this is something Ive just never understood,ELI Why cant you just burn bitforbit copies of console game disks that work like retail ones,27
therobinhood,8,4,1r3z7u,21,I understand that as heat leaves your body wind blows it away making it feel colder than it actually is But how is it measured When the thermometer says its C and the weatherman says its C with windchill how does he determine the  degree drop I am assuming wind speed but I have no idea ,ELI How is windchill determined,25
motherlover,6,6,1r1may,18,,ELI What happens when you get knocked out,24
TurtleTitan,19,7,1r1ex9,21,Any comments using time would be appreciated I would like to know in the long run as I know my body would need time to adjust I would like to know how well the body does on its ownEdit The general consensus is that I would be fine when using an exfoliating cloth and water Water and a cloth for bathing and constant rinsing of my hair Thanks guys,ELI If I were to only rinse my body with water to clean myself how clean would my body be,28
gfrnk,8,18,1qy6dy,19,The other day I noticed a program on tv called WW in HD or something along those lines Now my question is how can they make HD videos from way back then if they didnt have HD cameras Has editing really come that far nowadays ,ELI How can there be any HD videos of WW when there wasnt any HD cameras back then,37
imasabertooth,12,19,1qy3tt,18,,ELI Why do I get tired after I shower in the afternoon,37
gdgrlgna,12,7,1qwhr1,18,,ELI What is the difference between DOW and Nasdaq,25
onlyflysims,1,14,1qsxze,20,,ELI What causes the beer to overflow out of the bottle when someone hits the top of the bottle with another beer,34
Rekipp,16,7,1qr4mo,21,Im curious  Thank you for anyone who can help,ELI Why google docs and other websites can let multiple people edit and save documents at the same time and see the changes live but when you try to open the same file in two programs on your computer you get an error,28
mathees,10,4,1r8jdq,19,,ELI How much of the money in the US is tangible If everyone wanted to dump their bank accounts for cash what would happen,23
LibraryLass,18,9,1r844j,18,,ELI Why hasnt India been able to become a major economic power like China has despite their apparently similar circumstances,27
TypicalHaikuResponse,12,5,1r6dh4,18,How can they know how much they have get a hold of this money and spend it as they please when making extremely large purchases like a corporation,How do billionaires manage and access their extreme amounts of wealth,23
boringkorean,66,11,1r5aya,18,,ELI How there are more numbers between  and  than there are integers,29
pocopasetic,20,11,1r27j4,20,Its now a comparable price to get a ticket on a passenger train to getting a ticket to fly I know theyve got freight trains rolling around all the time why cant they consolidate those trips and hook a passenger car or two on there ,ELI  Why are passenger trains like Amtrak so expensive,31
wranglingmonkies,3,4,1r17c2,17,,ELI How do magazines like The Globe and The National Enquirer stay in business if they post bogus stories How come they havent been sued into oblivion,21
lveg,18,9,1qzda3,17,,ELI Why do some conservative religious groups consider it immodest for women and girls to wear pants,26
BrokeEntrepreneur,8,7,1qxqqz,19,,ELI Process of Making an App,26
headhunter,15,3,1qw7v1,18,,ELI How and when did the heart become associated with love and affection,21
RythmAndTango,2,8,1quitc,19,Why is it sometimes when we have something to do we may choose to put it aside What is it that stops us from doing whatever it is that we had to do right away what happens in our brain that causes us to act lazy,ELIWhat happens in our brain that causes us to act lazy,27
Akaizhar,5,7,1r8jb1,18,I currently work here and Im from New Jersey so I dont offhand know the history of the area very well ,ELI Since I learned so much in the Detroit discussion what happened to Cleveland,25
rk,37,12,1r7mah,17,I work at a hotel and the people that stay here are buidling a large stoor nearby They work from am to about pm then go out drinking or drink here until about am But theyre always up in the morning and always ready for work If I did that it would destroy my body Is it simply tolerance and repitition that allows them to do it,ELI How can some people drink all night sleep only a few hours then get up and work all day,29
FooRight,13,5,1r3fex,15,For referencehttpwwwyoutubecomwatchvNbcLnwHU it begins at ,ELI The math problem we see Matt Damons character solving in the scene on universitys hallway chalkboard in Good Will Hunting,20
djimmi,7,2,1r18yj,17,How does my computer go from being offto working What data comes from where How is it loaded,ELIWhat happens when I boot up my computer,19
oldtobes,10,13,1r05yq,15,I am currently amazed by the amount of mucus Ive had in the last week and it just keeps coming How and why Sorry if gross,ELI Why does the body produce so much mucus when you are sick,28
Justoncemakefrontpag,11,3,1qxh72,16,,ELI How does hypnotism work,19
kodefist,16,8,1qt5d7,18,Is there any instinctual reason for this,Why are most people righthanded,26
Whtgoodman,21,17,1qr1sf,17,i know it must have something to do with the curvature of spacetime  but i cant wrap my head around this ,If the universe is  billion years old and started from a single point how can it be  billion light years in diameter,34
medaleodeon,17,8,1qqaoq,17,For an example Ill cite Skyrim and a big mountain It looks a lot like how I think a mountain should look like My movement doesnt feel wrong Why does it only take six minutes to get to the top when it would take hours in real lifeEDIT Just to prevent confusion I know why a game designer wouldnt want a trip to take hours I just have no idea how its actually achieved without me feeling like Im walking at  mph,ELIWhy in open world games does the terrain around me look massive but it then only takes minutes to traverse what looks like it should take hours,25
Fishtimbers,7,5,1r689q,16,,ELI Why do all dogs have a similar distinct smell when wet,21
darthjoe,9,1,1r5mjr,16,I cannot understand the different Intel chipsets  I know the current ones are Z H H Q Q and B but Im trying to build a new computer and cant figure out whats best  Can someone ELI the differences between them  Are they even notable,ELI Difference between Intel chipsets,17
weetabix,48,17,1r2loc,15,,ELI why are some people homosexual permanently and others in phases Is there a link with hormones,32
SmokeyJohnson,18,3,1r1dzg,16,,How exactly does one become the leader of a major drug cartel,19
Jmcothran,29,8,1qrgz3,18,How is it that the tiny white fluffy poodle is the same scientific species as the massive black great dane Why is there is such a wide range of dog types and how can they all be considered the same species ,ELI How is it all breeds of dogs are the same species,26
shouldhavesetanemail,7,10,1qqu0w,16,Im incredibly high My apologies EditELIEditQuestion not actually answered yet Ignore marked as answered,ILIHow do body and hair shower gels function chemically as opposed to regular shampoo or regular body soap,26
meatfruit,18,6,1r5q68,16,Not American have no idea what it means in an American context Please explain,ELI Filibustering,22
Synarus,4,5,1qzkm5,16,I was in a department store and trying to find out calories and ingredients of their brand candy canes When I called the  number to try and get the info they told me they could not provide me with itHow can this be legal,ELI How can companies not have nutritional information on their food,21
oLo,36,15,1qz02m,16,,ELI What exactly happens to Gandolf during the time he progresses from Gandolf the Grey to Gandolf the White,31
ocde,6,4,1qyaoc,15,,How do contacts stay in the center of my eyes,19
aasters,11,7,1qxhjr,13,,How do contacts work,20
TheCreepyCelt,20,8,1qxhif,13,In theory this makes senseIn actuality,ELI Why dont humans eat one giant meal instead of periodically eating throughout the day,21
TheRiverSaint,9,12,1qwb0d,13,,ELI All of our muscles get tired and we have to let them rest Why doesnt our heart have to rest,25
EasyTigrr,30,17,1qw49v,17,Does alcohol not have as bad if not worse mind altering properties Is it not as addictive as other drugs and costs the health industry millions every year Is it a money thing when it comes to governments or because its more socially acceptable,ELI Why is it that drugs like marijuana amp cocaine are banned in most countries yet alcohol isnt,34
aninternetperson,11,13,1qu5bp,16,,ELI When your arm goes numb from sleeping on it what causes that pins and needles sensation when the blood flow is restored to your arm,29
koolmon,7,9,1qtq17,14,How does it improve performance without adding another physical core,ELI  HyperThreading,23
technobarry,19,2,1qt02c,15,I have basic knowledge of chemistry but Ive never received a straight answer on this,ELI Why is the Periodic Table shaped the way it is,17
Japalapa,11,9,1r8c7q,14,Like a plane for example If a plane is going down and I jump out of it a couple of metres above the ground am I likely to survive or is there other aspects to this,ELI When jumping from a falling object am I essentially jumping from the point the object is at or is there extra forces involved,23
ksbamf,14,12,1r7ozy,15,English person here Honest question not trying to poke at a historical sorespot but given the conquest and welldocumented genocide of the native American people doesnt the fact that the pilgrims were fed and welcomed by native American people feel like a strange thing to celebrate Does it retain any of its original meaning now or is it just about family togetherness,ELI Why do Americans celebrate Thanksgiving,27
sunglasses,2,10,1r7nvf,12,,ELI Are those banner ads with ridiculous claimsprizes illegal,22
katushkin,40,7,1r5erm,14,Even if I brush my teeth just before I go to bed why does it taste so horrible when I wake up,ELI Why does my mouth taste so fucking awful when I wake up,21
TheLawnMower,8,9,1r20qw,12,,ELI why a lack of sleep causes depression,21
EmersonikMusic,6,6,1qwafc,15,,ELIWhy isnt the stock market open ,21
varcas,7,7,1qw9vt,13,,ELI Howwhy do our eyeballs move in unison and how is it possible some people can move them independently,20
theanswersclear,47,22,1qvvlu,14,Ive noticed it on both the internet and in real life Nobody has really had any true reason They just suck,ELI Why is Nickelback so generally hated,36
ChokinChixAndSodomy,16,6,1qvkyl,13,,ELI Why do airplanes fly at  feet Why not  or  etc,19
astikoes,15,5,1qutsy,15,Im mostly looking for the hypothetical physics behind their operation IOW if one were to attempt designing this in real life what would they need to know How would they go about it,ELI Hypothetically how are energy shields think star trek supposed to work,20
BroSauce,19,12,1qrl0d,14,I dont get why there are two and if they have any correlation,What do the numbers in your blood pressure mean,26
Holyshnikies,10,10,1r5yq5,13,In dialect what affects a person so that they have different accents Are they taught Can you somehow get rid of them,How do accents work,23
kingofmyworld,29,8,1r5eq7,12,Other than sanctioned races it seems a little pointless to give civilian cars the abilityto do  mph when theres only  autobahn,ELI Why are vehicles built with the ability to greatly exceed speed limits if youre not supposed to,20
mrcouchpotato,8,2,1r59y0,13,,Why do we seem to enjoy listening to sad songs,15
noxoc,24,5,1r3il3,15,why do we get tired and are there animals that dont sleepI find this is quite a strange behaviour We eat to get energy We breathe to get oxygen We sleep to well to what Why can our body not do what it does while were awake Instead we put ourselves on a bed in a dedicated room cuddle and then pass out for a few hours  totally defenseless,ELIWhy do we need to sleep,20
andimlike,9,3,1r1j6x,13,,What is really happening when I experience deja vu,16
oirohe,4,2,1r199g,13,Because it just seems kind of magic to me,ELI How do ISPs connect me to the internet,15
ArchieComequat,11,10,1qzs48,14,,ELI How do hedge funds work What do they do,24
tsouth,2,3,1qwuyc,12,To whom it may concernIve learned that the way a hair follicle sprouts from the skull is different among races For instance Asian individuals hair sprout at  Degrees where as Caucasian individuals hair sprouts at  Degrees  Please explain to us why there are different types of hair among difference races not with regards to color but more so texture and type,ELI Why do we have different types of hair,15
bakedHerbalGoods,45,11,1qwd5u,14,An American is legally an adult at  has the right to vote at  but can only decide whether or not to drink alcohol at Why doesnt someone  and below sue to government to exercise their right as adult to choose to drink alcoholIm not American and this has always been one of those things that perplexed meEdit So I understand that the federal government commissioned a study which not everyone agrees is accurate and then strongarmed the states to agree And in the intervening years people just convinced themselves with other arbitrary points like maturity etc,ELI Why dont aboves adults in USA have the right to determine their choice on alcohol consumption,25
doogismoney,11,10,1r7y4v,11,Is it merely fuel prices that have caused airplanes to become glorified cattle cars Corporate greedIt be great to know when the quality really started dropping ,ELI How did we get from the Golden Age of Air Travel to the current state of air travel,21
Yankee,5,0,1r48cz,13,,ELI what is the sorcery behind earphones getting tangled in my pocket,13
theramennoodles,23,12,1r3n49,13,Ive tried to read about it online but I cant get past the crazy language they use  Is there a way to explain it beyond the strings and more into the multiple dimensions stuff in a way that a nonphysicist can understand,ELI String Theory,25
Bigpanda,4,2,1r35kx,11,What would happen if wind speed broke the sound barrier Would it create a large sonic boom or would nothing happen,ELI What would happen if wind speed broke the sound barrier,13
BlackEyeRed,3,3,1r0qi2,13,,ELI The current fusion projects in development and their chances,16
blackhattrick,7,9,1qzot3,11,Looking right now at the bitcoin boom A currency is only the medium of exchange wealth They inherently dont have any value bitcoin dollar gold etc So why to buy a currency and expect to increment the wealth of oneself when there is nothing to backup that wealth Right now just because someone says that the bitcoin is legal its value goes up but there is no work no resources behind this new wealth whatsoever Moreover is it possible to have a currency where there is  investment value and it will only be used to exchange wealth I think this will end lots of problems we actually haveSorry about my english,ELI Why do currencies have an investment value,20
lveg,20,9,1qxzlx,10,I can understand if someone is dismissing the civil rights movement or trying to say that the civil rights movement is over now but other than that why would that be an offensive comparison ,ELI Why do many people consider it racist to compare the gay rights movement with the civil rights movement,19
sixfourtysword,8,3,1qxta9,13,,ELI The difference between Bitcoin Litecoin and Peercoin,16
slapjammy,8,5,1qwatd,12,Note I understand what TWR means and its relevance to DC I just never understood the context  rationale of stamping it across a license plate,ELI Why does Washington DC have Taxation Without Representation as a slogan on its license plates,17
MrTig,13,13,1qw76r,13,Context Why do drinks that state serve cold taste better from a fridge over being served at room temperature,ELIWhy do drinks served cold have a better flavour over room temperature drinks,26
rsashe,4,7,1qupd8,13,,ELI Why does bacteria grow faster at certain temperature,20
Bochhhhh,6,7,1qrmmy,12,,ELI why do our smartphone batteries die quicker the longer youve used them,19
cambaio,17,14,1r8c9j,9,Please dont take this the wrong way and i dont mean any disrespect but its far to common to see houses that are build with fragile materials being completely destroyed by a twisterIs this only because of cost In Europe its rare to see houses made from other things than bricks even very poor housesThe video that caught my attention for this matter was this onehttpwwwyoutubecomwatchvoWMEwdAl,ELI after watching another tornado video destroying a US home i have to ask why is construction so fragile,23
DixonUranus,3,5,1r7xvh,10,,What is the Farmers Almanac and how does it predict weather for a day that is months away,15
ramboost,4,5,1r7m27,10,,ELI Why are sweet foods sticky,15
MisanthropeMao,2,5,1r4xgc,11,,ELI Now that its over will there be any longterm consequences of the Government Shutdown And how are different stakeholders affected,16
dustinabox,4,6,1r1w36,11,,What is a headache Where does the pain come from and how,17
Orginalusername,15,18,1r14ms,10,,ELI Why do men fall asleep right after ejaculating,28
NateSchwatz,4,2,1r10et,13,,ELI How does currency manipulation work What is it,15
ML,1,8,1qz6l5,11,,Process of publishing a book from a publishers point of view,19
sutiibu,11,5,1qz64h,12,It seems counter to longterm self interest to agree to a stopsnitching attitude  How come such campaigns are so successful and criminal elements are allowed to flourishI work parallel to social services and have frequently encountered this up close  I sometimes hear people say they dont want to get hurt but these are people who are exceedingly risktolerant in many aspects of their daytoday lives  More frequently I hear a genuine personal disgust with the notion of acting as a witness,ELI Why has Stop Snitchin remained so popular in lowincome US populations,17
masmucho,2,3,1qxyr9,12,Spent all of Sunday watching football woke up today sore in my legs and arms,ELI Why do my muscles hurt after laying around all day,15
Chrispat,3,4,1qxkbl,9,,ELI When popcorn is popping what is actually happening to the kernel inside,13
BakedTrex,1,2,1qxdkd,12,,ELI Why are humans not born with  dominant arms or legs Right handedLeft handed,14
KiwisBestFruitEver,3,1,1qx1lr,12,Why does it happen What is going on or not happening in the brain during a seizure,ELI Why and how are seizures triggered,13
kylimanjaro,7,1,1qx00n,11,I see articles about new launchesmissions like this one all the timehttpgizmodocomwatchnasasnextmissiontomarsblastoffrighthereTo be clear I LOVE NASA and hope they keep going But I dont understand how they continue to operate,ELI Nasas budget was cut a long time ago Why are they still doing missions Will NASA ever disappear entirely,12
sweetm,11,11,1qw9ch,10,Here are some examples from wikipedia of How I Met Your MotherhttpenwikipediaorgwikiListofHowIMetYourMotherepisodes and Doctor whohttpenwikipediaorgwikiListofDoctorWhoserials If you look under writers for each it changes frequently Writers often reoccur but there are still many different writers How can shows flow so well if different people are writing each episode And how do they make sure it stays on the correct story line How do they make sure there are no mistakes or plot holes created,ELI How can tv shows have so many different main writers but still flow well and seem like there is only one,21
newreaditaccount,7,11,1qubeb,10,When I load a web page like yahoocom or redditcom it takes several seconds On my computer phone friends computer schools computers anywhere When business professionals do online demos their websites take several seconds to load Nothing loads is under a second and were used waiting up to  seconds for a regular web page to loadBut why is that Even on a new computer with many Ghzs and lots of GB of Ghzs memory measured in nanoseconds Even with the fastest benchmarked SSD hard disks with Mbs throughput and second latency Even with Ghz ac wifi with multiple antennas and newest technologies Even on Gbitss bandwidth at an Ivy League university with Gbit ethernet or with the Ultimate Internet cable speeds with a DOCSIS  channel bonding channelsEverything is measured in Gbitss and access times of under a tenth of a second but  kilobyte webpage takes seconds to load Im not complaining I just want to know why is this,ELI Why is the internet so slow when every individual component on the way is supposedly so fast,21
BeefCentral,15,5,1qtu5v,11,I wanted to install a gif maker and Google Play popped up saying it wanted to access all sorts including phone numbers and location Why does it need that info ,ELIF why do apps need access to so much information,16
ClitorisPaperCut,3,6,1qrkqw,11,,ELI When archaeologists find old houses in the ground at what point was the house half way buried and when did people forget a house was even there,17
DrDane,4,7,1r7xt2,8,Basically how do our bodies know when the hairs reach those lengths and how do they stop growing,ELI How is it that the hair on our heads keeps growing but if one were to shave the hair on their arms legs chest etc it just grows back to a certain length and no longer,15
frostkaiser,5,2,1r7dn9,12,,ELI Why is Kim Jong Un leader of N Korea always walking around with generals in tow inspecting random places factories waterparks etc,14
aaqucnaona,15,7,1r5q7v,10,Since gay marriage is now legal in the UK they can marry the same sex even if they are part of the royal family right What would a couples titles be if that were the case,ELI What would happen if one of the princes of Britian were gay What would happen to the line of succession,17
BloodyBottom,8,4,1r4eyl,10,Seriously why do the always smell just kinda weird As a bonus question why do dogs paws smell like tortilla chips,ELIWhy do puppies smell funny,14
CallMeNardDog,5,6,1r3kr8,12,,ELI On a molecular level what makes materials like duct tape sticky,18
scooooooooooooooooot,4,2,1r3h8a,11,,ELI What is going on in my brain when I get that stood up too fast feeling,13
notrobertpeston,20,8,1r26zb,12,Thanks for all the replys,ELI Does an engine use twice as much fuel at  rpm than it does at  rpm,20
reifdog,2,1,1r1hsk,11,Why do we find some peoples faces desirable and others disgusting just because of the arrangement of their eyes nose and mouth How about for the rest of the body How does the existence of attraction help us evolve,ELI Why genetically are human beings attracted to the specific bodily and facial traits that we are,12
ThePhaseV,5,2,1r14gs,8,,ELI When couples get married why does the wife take the last name of the husband,10
BczIKnowBest,12,18,1qzat8,11,Why do people get aroused by the act of kissing I mean why is it hot to do so I want to get the science behind itThis isnt a question a  year old would make but what the hell Ill ask it anyway,ELI Why does kissing make us horny,29
spaciepie,3,1,1qwm09,11,It seems like the only thing they could find out is possibly the sex of the dog theyre smelling but it always seems like theyre getting all kinds of information from vigorously smelling the remains of whatever smells another dog has left on clothing,ELI When a dog is smelling your clothes from the scent of another dog what information are they finding out,12
MilwaukeeStyle,3,1,1qwbca,10,Why is it that when I take a nap or wake up from sleeping at night my mouth feels gross like I have to brush my teeth But when Im in class and keep my mouth shut for a couple hours at a time that doesnt happen,ELI Morning Breath please,11
ChuckSchuldiner,7,2,1qtyp9,9,,ELI How can a zip file be smaller than the sum of its components,11
Getsmkedouthere,4,2,1qqhvm,12,Sort of like when you read something very chilling or heartwarming you get an electric like surge through your body not sure if Im explaining this right If anyone understands what I mean an answer would be greatly appreciated,ELI Why do humans have a surge through their body whenever feeling extreme emotions,14
zeintern,6,8,1r8bnx,8,It seems like every time I fall asleep on an airplane I wake up feeling gross Why does this happen Why is it only if I fall asleep ,Why do I always feel greasy after falling asleep on airplanes,16
thenine,8,3,1r83ik,10,,ELIWhat is the nuclear option and why is the removal of the filibuster so controversial Havent Republicans advocated its removal in the past,13
ImAskingYou,19,13,1r68yn,8,Can someone explain to me why some parts of our bodies get darker but others dont Scrotum Labia AnusButthole,ELI Why do some parts of your body turn brown Genetals Butthole,21
RepppinMD,10,2,1r66uv,8,I cant see any situation where more than  would be needed The US and Russia have thousands while smaller nuclear capable countries have hundreds,ELI Why do countries need thousands of nuclear warheads,10
CountToofu,1,1,1r5v24,9,empiricism of course,ELI The difference between rationalism and empirism,10
isaiah,10,1,1r4k3h,11,,ELIWhy do people get shy,12
FrostyShakez,18,2,1r37tx,10,See it in movies but I do not want to base my knowledge of this from a portrayal Cold hard facts and sources will be greatly appreciated,ELI What is diplomatic immunity What does it cover How does one acquire it What can over rule it,12
NeonTurnip,15,9,1r29ac,8,I realized Ive had my dog for almost  years and he might not be here much long and I became curious as to why that is,ELI Why exactly do animals like dogs and cats have such short lives compared to humans,17
indyjoe,12,7,1r20tx,9,I guess some of it for kids may be due to brain development but please confirm if this is true  But why does a lbs adult sometimes even lighter qualify for the same dose as a lbs person and many folks are even heavierEdit Im specifically wondering about overthecounter medicines that say something like under  don not use without a physicians direction  use  pill every  hours  use  pills every  hours,ELIWhy are drugs dosed by age and not weight,16
fembot,3,1,1r19f7,11,,ELI Why does your stomach growl,12
Rlchv,8,2,1r11et,9,,ELI If heat rises then why is it colder at higher altitude,11
tmtreat,8,2,1r06dr,9,For example if I put Bing Maps into Google it faithfully churns out the correct result  Why not take advantage of the situation and put Google Maps as the first result,ELI Why is it that search engines do not block results to their competitors sites,11
onlyosmosis,13,7,1qzkq8,8,Putting on a tie last night I suddenly realized Why the heck am I putting this thing around my neck  I LOVE ties and think they look great but I assume they must have had a proper function or practical purpose originallyAnd why are there different ties What were their different purposes Why is a bow tie considered more formal,ELI Why do we wear ties,15
TheHim,12,8,1qz5ec,9,,ELI filibustering What is it how is it used and why,17
DeletedByMods,13,5,1qxtpa,8,If websites require a very low capital investment to start and anyone in the world can create one why are nearly all successful startups and globally popular websites created in the US rather than somewhere in Europe or Asia,ELI Why are most popular websites created by Americans,13
ForgivenOstrich,16,1,1qx3yd,10,,ELI Why is the common cold still not curable despite its length of time being known to human beings,11
empyrean,18,6,1qw1vm,11,,ELI How does a CPU understand and execute machine code when it has never done something similar before,17
itsmig,14,7,1quo3h,9,,ELI why does your mouth get watery before you puke,16
Joydivision,10,8,1quliw,10,Hes a complete train wreck plastered all over global media How has he not been removed yet,ELIHow is Rob Ford still mayor of Toronto,18
hiaox,6,2,1qul2r,9,I dont understand how water can go bad  Is it because of the plastic or something,ELI Why does bottled water have expiration dates,11
icantwhisle,6,4,1quk7l,9,,ELI Why do I get the spins when Im drunk,13
WunderBoss,14,10,1qu5d0,8,This has puzzled me ever since I first had a small accident while parking I backed out and someone was behind me so i crushed his side It was only cosmetic damage though Still quite expensive I wonderWhy are cars built with this delicate clothing that breaks even with the slightest impact Wouldnt it be more practical if we had cars that are more stable and can take a small impact on parkingWouldnt parking be way easier if you could crash into other cars without causing hundreds of dollars of damage I mean GoKarts crash into each other all the time and dont need fixing every time they do Why not cars too,ELI Why are cars built to be so delicate for scratches or small nudges ie while parking Why arent they built like GoKarts with a rubber crush zone,18
tunapish,16,6,1qtry9,9,Evening deliveries are impossible because the guy does not work late  I am told this is because of union rules I have also heard that others get around this by upgrading their elevators somehow  What gives  Is it a safety thing,ELI Why does the freight elevator in a building require a union employee to operate NYC,15
jon,5,3,1qtdop,7,After seeing that video that shows all the nuclear bombs that have been exploded in tests and what not httpwwwyoutubecomwatchvLLCFvPanrY the United States has had hundreds of nukes go off especially in the south west How is this possible to do without totally destroying that part of the country I know its mostly desert areas out there but there were just so many that went off,ELI How has the United States been able to test so many nuclear bombs on its own soil without making large areas of the country uninhabitable,10
PowderKeg,9,6,1r73zq,8,I know that time slows down or expands or whatever when something goes really fast but why  How did Einstein go from light moves at the same speed regardless from the reference frame in which you measured that speedto thus things go through time slower the faster they moveandthus objects get shorter when they go fastAlso how did Einstein come up with the modification to momentum that he did  I ask this question because I have taken calculus and have derived from Einsteins equation for momentum the equation Emc so Im good on understanding how that equation came about but I dont see how he was able to come up with the equation for momentumSorry if my questions are a little wordy Im new here and am not quite sure how to ask things online in general,ELI Einsteins special theory of relativity,14
xerefex,24,7,1r5lvx,9,,ELI Why is the Call Of Duty series generally hated,16
kodefist,9,4,1r4v9f,8,How do they react so fast when something is around them,Why are birds and flying insects so sensitive,12
Calamius,4,2,1r436g,9,,ELI What causes me to be dizzy when I spin around in my chair,11
Edthousand,6,0,1r3itr,9,You know when you get nervous you feel extremely uncomfortable in your stomach why is that,ELI What are the butterflies in my stomach,9
rockthereddit,2,2,1r23vo,7,Ive always been curious about this Even some medicines that I have seen people take for things like bipolar disease have caused someone I know who was fairly skinny to gain lots of weight fairly fast Also with some drugs that are meant to help with obesity related illnesses like diabetes can cause weight gain How does this happen Does it just increase their appetite,ELI Why do some medicines make you gain weight,9
BosnianNinja,2,3,1r0tuh,8,I need to write an economics paper on tarp but I dont understand it can anyone explain what it is and if you think it was a good idea for the government to fund it,ELITARP,11
bluejedi,10,1,1r0t0j,7,I tried looking on googlewikipidea and Im still confused,ELI What are bath salts and how do they work Why do they make people do stupid crazy things,8
shamelessvoice,4,4,1r0a55,8,In response to that meme that made the front page today I hate driving home in the dark Someone please tell me why we still live through this insane standard,ELI Why do we still have daylights saving time,12
waltertron,11,3,1qxujq,8,Ive been browsing Steam lately and in the system requirements I see things like NVIDIA GeForce GT under graphics How do I read these specifications and know what they mean,ELI How do I tell if my computer has a powerful enough graphics card to run certain games,11
MisterBlack,1,2,1qxmcq,7,Photos are circulating of a WalMart in Ohio that has donations bins for its own employees where other employees are asked to help their coworkers out for the Thanksgiving holiday LinkhttpwwwclevelandcombusinessindexssfiswalmartsrequestofassociahtmlTo clarify its just a few bins in the breakroom But people are pissed off at this and a lot of people are starting to talk about WalMart underpaying its employeesWhether or not thats true isnt what Im asking But imagine that some Costco manager or any business owner actually across town decided to try and capitalize by setting up a similar few donation bins in the Costco breakroom and leaking the pictures to the press Is it possible for WalMart to claim any form of damages because of this Someones organizing a charity to treat WalMart like some sort of social disease and made it public Could WalMart have a case if they decided to sue,ELI Imagine that Costco started a food drive for WalMart employees Would they be subject to any legal issues because of it,9
slothman,13,0,1qxklb,8,,ELI Why are gamma waves and xrays considered harmful but nobody is concerned about being constantly bombarded by radio waves,8
mohish,9,2,1qwwxm,8,,Why does water taste different after sitting for a few days,10
lvdt,5,2,1qwryn,6,,ELI How does a camera with autofocus know when it has to stop to focus And which is the right thing to focus on,8
lapotronic,5,0,1qv3ak,9,,ELI It is impossible to convey the color black using light bulbs How do monitors and projectors do it,9
vorkem,8,8,1quwtw,7,,ELI Why we needhave finger and toe nails,15
krisolis,8,4,1quaf5,8,Eg semper fi e plubris unum etc,ELI Why are most if not all mottos in latin,12
jjwf,1,8,1qu4j9,6,I have seen a few formulas and calculations I just cant wrap my head around the category Controversial,ELI How do posts become controversial,14
FairlyFuckingObvious,7,2,1qtz1i,7,Hotels per night are much more expensive than getting an apartment for a month so what am I missing Why would someone choose to do that,ELI How can people in tough financial situations can be living in hotels,9
CBlake,12,1,1qtbgd,8,Wars between superpowers first world countries has not happened in such a long time Why is that There have been wars but America in Vietnam and in the Middle East dont count as large scale wars between superpowers ,ELI Why has there been no large scale war in Europe or at all since WW,9
STPlove,9,0,1qs985,8,I dont understand how we have dreams every single night most of them make absolutely zero senseyet our brains dont realize its all fake Aside from people who can lucid dream or the occasional oh This is all a dream,ELI Why dont we realized were dreaming during our dreams,8
SelectaDNA,13,4,1qr2am,8,I have a recurring dream that my ex of many years ago whom I never have gotten over comes back into my life and everything is perfectI know this can never happen but the sadness I feel when I wake up and realise that I was only dreaming is crushingWhy does my mind do this to me,ELI If dreams are a way for the mind to break down the days events and store information then why do I dream about things that have never or will never happenthings I want so much yet can never have,12
platypode,6,4,1r7rts,6,Why does a taco taste like a taco when I bite into it  Is there a chemical reaction between the food and my tongue  Does the tongue absorb some amount of the food  Is the flavor actually coming from the food or is it a sensation created by our bodies,ELI What exactly is happening when we taste food,10
MetalGearR,5,4,1r7qm7,9,,ELI Why group mentality is so powerful,13
Koshka,5,2,1r7fp4,7, ,ELIwhy do our bodies tense up when we play video games ,9
daninsea,7,1,1r5u1t,7,Why is it that the U S still maintains land based nuclear missiles  Do we not have enough of a deterrent with sub based and aircraft launched weapons  It must be quite costly to maintain the silos and the men and women charged with their maintenance and security  Also I read an article recently that stated that the personnel that are assigned to nuclear missiles have a higher incidence of disciplinary actions and court martials  I cannot imagine that living a life of drills and inspections  is a very rewarding profession  If the powers that be woke up tomorrow morning and said Thats it no more nuclear missiles would the world really change  I doubt the Russians or Chinese would say Well shit lets nuke America  I look forward to any responses received  Thanks,ELIUS Nuclear Missile force,8
kingfalconpunch,22,12,1r5q4i,6,Why in porn films is it sort of a golden stamp for the actress to have newly turned  Doesnt this lead us to believe that a large portion of porn viewers want to see under aged girls so they seek the closest legal equivalent ,ELI Why is  years old most desirable in porn films NSFW,18
jayzeroj,4,1,1r54by,7,How are changing  regulations in mortgages going to effect me as a first time homebuyer or will they,How are changing  regulations in mortgages going to effect me as a first time homebuyer,8
SICKOF,8,0,1r4uk0,8,I know the biologicalevolutionary reasons for us to feel pain To indicate that we are taking damage or that we need to rest or seek treatment for a particular injury But what I dont get is why we need to feel SO MUCH pain Why is our body wired so if the right torture is subjected on a person they can feel so much pain they actually pass out Or long term injuries surely there is literally no benefit to being in constant pain How come this exists as a part of our body Why not is it instead that the feeling of your finger being cut ok thats a bit of pain enough to notice your have injured yourself but then the feel of your finger being ripped off or ripped apart is a bit more pain but nothing insane so you do not lose your mind I mean you can obviously bloody well tell if something so serious is happening to you you are feeling this grievous pain So what is the point when all it does is incapacitate a person drive them crazy basically ruin them when the whole point of pain is to make a person survive,ELI How come the human body has the capacity to feel SO MUCH pain,8
Mrbusybaconandeggs,7,0,1r4lod,8,Bought some by mistake Thanks,ELI What happens if I use a top loader washing detergent in a front loader machine,8
shoaldalicka,10,0,1r483h,7,,ELI if i mix two acids together do i get the sum or the average of the pH levels,7
Intellectual,3,1,1r3lqm,7,To what extent are traffic lights scrutinized,ELI How organized are traffic lights,8
UltimateBroski,10,0,1r3ebj,8,And if you could explain what something like in the key of C means too go aheadI think I have some idea but itd be nice of you,ELI What does it mean for a song to be in majorminor key,8
Booomerz,42,9,1r2dlk,7,,ELI Why do some people pay  or more a month in rent rather than just buy a property,16
howardbethinename,4,3,1r1cth,7,,ELI Why can I pull aluminum foil out of a  degree oven without being burned,10
Ceryliae,4,1,1r1cmu,9,,ELI Some websites use something other than wwwexamplecom such as wwexamplecom wwappsexamplecom  What are these,10
MikeRoss,4,0,1r16xv,8,I keep seeing battle scenes in movies where men on horseback rush into a crowd of enemy soldiers who are holding blades I guess all of this could just be hollywood fiction but if this did happen how did the cavalry not get their legs chopped off,ELI How did cavalrymen not get their legs chopped off when they rushed into battle against ground troops,8
TinieSnipah,7,2,1r0quo,7,httpiimgurcomkTeZAjpgBesides this image being somewhat edited it makes my point clear The lighter parts of the road should be in the middle where they tarmac has less tires moving the water off it and less tires heating up the water to evaporate it Youd have thought the centre of the lane would be the wettest and therefore the lightest as more light is reflected noIve been driving more at night in the rain recently and its a phenomenon Ive only just noticed but it baffles me At first I thought because tires have worn down the road and so the water congregates there but you still see this effect on new roads and on slopes where the water should run off the side of the road Plus roads are higher in the middle so shouldnt that counter act this effect,ELI Why after rain are the parts of roads that have wheels on them constantly lighter than the central part of the lane,9
drgdean,4,5,1r0aob,6,,ELI Singlepayer health care,11
ShitHitsTheFan,4,3,1qzs0g,7,New astronomy major here and nobody can explain dark matter What if anything do we know about it,ELI Dark Matter,10
resetto,2,3,1qzifw,6,What is it about the structure of saturated fat that makes it detrimental to human health Just wondering,ELI What makes saturated fat so bad for you,9
Pinktennisball,19,1,1qy720,9,,ELI Why do dogs have so many health problems,10
skeletons,3,1,1qxxy3,7,A How does a disposable magneticstripe transit card for the bussubwayetc know and adjust how much money is on itB How does a permanent transit card like Ventrahttpventrachicagocom or its predecessors in Chicago update its balance when I add money to it online,ELI How do transit cards work,8
vonviddy,4,3,1qxs8p,6,Compression EQ reverb all of that How much was even possible,ELI How was professional audio engineering done before computers,9
hedeman,11,1,1qxivi,7,,ELI Why Great Britain is called Great not just Britain,8
potatob,12,1,1qxhhn,7,I use my debit card to buy a lot of things If I buy a meal at McDonalds I only have to swipe my card and it gets approved I dont remember this happening at any other place I have to enter my PIN Also online purchases I dont have to use my PIN but I have to enter that little security code so I guess that makes sense,ELIWhy dont I have to enter my PIN for my debit card at McDonalds but I do at other places,8
stokleycarmichael,1,1,1qwkil,7,can someone simply explain what happened in the dreyfus affair and what impact it had on France,ELI The Dreyfus Affair,8
PuffsPlusArmada,5,6,1qv7tj,7,,ELI How is it resort destinations in Mexico such as Cancun stay safe and keep the Cartel related kidnapping and murders that take place all over the country from happening there,13
LeprechaunCyborg,7,8,1quy85,8,,ELI How does too much alcohol cause us to get sick and sometimes black out,16
somewhatrelevent,4,8,1quwkv,7,Such as why does January have  days instead of  ,ELI How were the months given their certain amount of days,15
Grayly,5,4,1qu99k,8,Me and my friend were playing Rome  and were wondering,How do we know how to pronounce ancient languages like classical Latin or Greek,12
driveby,3,4,1qtttk,7,,ELI Who decides what pet food is going to taste like and how do they do it,11
Mayazcherquoi,2,7,1qt233,9,,ELI Why dont Google Wikipedia Reddit and the like blackout in protest to the TPP like they did against SOPA Isnt it TPP essentially the same thing as SOPA,16
suppimo,6,1,1qsorw,6,,How does the wind get knocked out of you,7
soupsoundsgood,15,13,1qrmi3,8,,ELI What people mean when they talk about PC Master race,21
respond,10,13,1qribr,7,,ELI Why do I sometimes get a minor erection when I poo,20
Kollarism,2,4,1qrgls,6,,ELI When pushing together magnets of the same polarity they push back with force What exactly is happening at the molecular level,10
penguinopph,3,2,1qqs7j,8,How do selfhealing surfaces like dartboards and cutting mats heal themselves,ELI How do selfhealing surfaces work,10
PastureMatt,12,0,1qqhew,7,,ELI In No Country For Old Men Josh Brolins character fashions what appears to be a sawedoff shotgun He then wraps the handlestock in duct tape Whats with the duct tape,7
Rains,7,1,1qqaoa,7,Ive done some reading on here it all sounds very interesting But why havent we delved deeper into something that seems to have so much potential Also what do the environmental impacts look like from using this as a means for energy,ELI How does Fusion work What are its possibilities as a means for energy in the future,8
Sinestero,6,3,1qq9my,8,,ELI Why do British People call their currency quid instead of pounds,11
Naival,12,3,1qq6vi,6,Ive never understood how titles were shown on a screen especially back in the day when things werent digital computers werent used etc  Even in the s when there were no computers and films were largely without effects having a series of synthetic titles flash on screen and then disappear was almost like a special effect itselfWithout computers to aid and with the relatively low technology available back then how were films titles and credits made to appear on screen,ELIHow were credits shown on screen in films made in the s and s before computersCGI etc,9
Native,3,2,1r8k1z,6,So Ive been watching Canadas new cyberbully law proposal and it basically says it will collect metadata on everyone Much like the NSAWhat exactly is this data and what does it show on someone,ELI What exactly is metadata What is its use and what does it show,8
sarxy,3,4,1r8jc4,5,,ELI How does vitamin C actually boost your immune system,9
crunchypuddle,9,2,1r8j7a,8,,ELI Whats the difference between a two and four stroke engine,10
ConstructiveFeedbax,12,4,1r8gq4,6,,ELI what would happen if all the planets did alignif anything,10
Godfather,6,5,1r8bn6,6,,ELI why green was used as the color of light for things to see in the dark ie watches cars etc,11
fluffypun,10,7,1r7ue2,5,,ELI The stock exchange just hit  why are we still in an economic recession,12
Zygersaf,19,16,1r7ra1,6,,ELIWhy do scientists say that there has to be water on a planet for there to be life How do we know that aliens need water to survive,22
DrCoffeedickBagwell,1,5,1r7oaf,5,,ELI How does the foodbank feed four people from ,10
JamoJustReddit,3,2,1r7jb6,7,,ELI Why are musicianscomposers like Mozart regarded so highly If something almost just like it came along now would it be regarded as highly,9
Tyler,4,2,1r7gse,7,,ELI how do glassescontact lenses correct vision,9
FCBSean,4,2,1r7c55,5,httpenredditcomrtodayilearnedcommentsaaftilthewaltonfamilyhasgivenawayaboutofhttpenredditcomrpoliticscommentscfmtywarrenbuffetbillgateswantthesuperrichtoThe above are  major threads that were on Reddit regarding them giving away their wealth,ELI I read that Warren Buffet is to give away  of his fortune that was  years ago Yet he shows up on todays rich list still at no  the same goes for Bill Gates etc HowWhen do these multibillion dollar pledges come into effect ,7
busybee,14,0,1r72n5,7,Im interested in cases where the break is amicable If both parties are in agreement and willing to compromise what kinds of expenses do they have to pay,ELI Why is getting a divorce so expensive,7
MonsieurPandora,4,1,1r6yy7,8,,ELI Can someone easily explain the difference between a clause and a phrase Grammatically speaking,9
aratatatat,2,0,1r6ccx,6,,ELI How animals stay warmI mean I know they have fur etc but even with a coat on  gloves on and the rest I feel freezing after long periods of time outside,6
HeLivesMost,13,3,1r64o3,6,I assume its because the integration of immigrants from Italy Ireland etc But other than that did we just get lazy,ELI When did Americans stop having British accents How come our dialect changed,9
wrknhrdrhrdlywrkn,6,2,1r632i,6,,ELIWhat is an algorithm,8
somerandomguy,8,3,1r5sct,6,This thought just came to me as I was listening to Tools LateralushttpyoutubetcWjKFgYtms super loud The heavy guitar and bass drum just made the song more enjoyable and gave me a good feelingWhat is going on in our brains and body when we can feel the sound waves and hear them at the same time Why is it so much better,ELI Psychologists Why do we humans really enjoy the sensation of loud music and why is it more enjoyable loud,9
tonyp,7,0,1r4lm9,6,Theres something I dont quite understandIf a central bank creates  unit of money and then lend it to a bank at It means the bank will pay back moreBut since the central bank is the only one creating money then the world has only got  more unit of money So the bank has no way to pay backWhat I am trying to say isIf the central bank has emitted so far  bazillions of units of money how can they expect people to pay back  when there is only  to begin withThank you,ELI If central banks lend money with an interest rate how can we be debt free,6
MrZainyyy,11,1,1r4fxw,6,You hear things like an animal has adapted to its environment skin colour change etc through evolutionary changes throughout thousands of years But if a human was to stay in a corn field for thousands of years would their skin become the colour of the field How does an animals skin colour change to that certain environment where its been in for ages,ELI How do physical evolutionary changes occur,7
dhk,2,3,1r48tp,5,I have been reading a couple of articles regarding milk saying that it actually weakens your bones that it causes ostheoporosis Is any of this true and can someone explain how exactly milk which has calcium do this our bonesAre these arguments credibleEDIT Links to some articles based on quick google search httpsaveourbonescomosteoporosismilkmythhttpsaveourbonescomosteoporosismilkmythhttpwwwhuffingtonpostcomdrmarkhymandairyfreedairyreasonbhtmlhttpwwwhuffingtonpostcomdrmarkhymandairyfreedairyreasonbhtmlhttpwwwhsphharvardedunutritionsourcecalciumfullstoryhttpwwwhsphharvardedunutritionsourcecalciumfullstoryAre these arguments credible,ELIIs milk actually bad for your bones,8
aviddaydreamer,10,0,1r413g,7,,So what to do female olympic athletes or tennis stars do if they get their periods on the big competition day  How do they cope My friends say its a big loss of blood cramps etc,7
MrManiack,4,3,1r3um6,6,,ELI Meat Sweats,9
Jazzematics,10,4,1r2ffz,5, trillion in  and  billion in  from httpwwwaetnacomhealthreformconnectionaetnasvisionfactsaboutcostshtml and its projected to only get more expensive I know thats not the same as saying the prices are rising just that we are spending moreThe article goes on to list various reasons like rising hospital cost insurance premiums rising but they dont thoroughly explain why Whats the deal reddit,ELI What are the factors that lead to rising healthcare costs in the US,9
StiffyAndy,15,2,1r1zf2,7,,ELI If illicit substances such as drugs were legalised what would become of the black market Would there be demand for something else,9
AcroMorph,10,5,1r1yc1,5,Just wondering,ELI Whats the point of a water jet cutter Arent there stronger cutters out there,10
Basbeeky,3,0,1r1uni,6,,ELIWhy do photo negatives appear all bluepurple while they should have the same amount of colors as the original and where do these colors come from,6
pretendroid,5,3,1r1skg,6,,ELI When I breath in is it the air that enters my lung that expands it or is the air entering because I have expanded my lungs by some muscle activity,9
incorrectfactspewer,12,1,1r1eos,7,Always wondered what they were when I was younger,ELI What are those random blurry circles on some pictures,8
nascraytia,3,2,1r0xf2,5,Been wondering this for a while,ELI Why do we get bored Was it an evolutionary necessity Or is it just a quirk of nature,7
TheCollector,15,5,1r0x44,7,,ELI If certain animals can breed with other species eg liontiger or horsezebra why cant humans breed outside their species,12
VexedIdealist,2,1,1r0pbc,5,,ELI Why do i sneeze when i pluck my my eyebrows,6
onesafesource,4,1,1r0op1,5,,ELI The overall benefits of the International Space Station ISS,6
AnxietyCat,20,4,1r0cn5,7,I have green eyes My mother has dark brown eyes my father has green eyes I thought that brown was dominant over green and therefore I should in fact have brown eyes My grandmother  on my mothers side had green eyes if that makes any differenceAre green eyes even that rare,ELIWhy are green eyes so rare,11
EdOharris,13,9,1qzb92,7,I love the Devil May Cry games but dont quite follow the overarching plot of the four games Ive also been told that events of the games dont progress to a normal linear timeline As such Im very confused,ELI The Plot and Timeline of the Original Devil May Cry Games,16
EEEEEE,3,3,1qyt69,6,,ELI The phenomenon in which I try to replicate the pitchtone of a sound and then hear a harmonious ringing in my ears when I match it,9
Popeyez,7,3,1qy5lv,7,,ELIWhy are more jobs better for an economy,10
hfads,6,2,1qxrbr,7,Yes adults can still do these things and many do But what causes so many people to grow out of these childlike activities when they get older Im in my late s and still find a lot of games I played as a kid incredibly fun but because everyone around me grew out of them I was forced to also Is the explanation as simple as societal pressure,ELI Besides the increase of responsibility and lack of free time what causes so many people to stop playing outside with friends watching cartoons or playing with toys as they grow up,9
mathliability,2,2,1qxnet,6,I always hear people throwing around that the US ran a surplus in the s I realize that technically means they spent less than they budgeted for at the beginning of the year what exactly does running a surplus mean in economic terms ,ELI The surplus under Clinton,8
spyrodazee,5,3,1qxmam,4,I love chocolate donuts but I just noticed I usually tend to get a bag of chips right after It then leads into an endless circle of chips to donuts to chips till Ive had enough of myself,ELI Why when I eat sugary foods do I get a sudden craving for salty ones and vice versa,7
johnshoe,5,1,1qxlhh,5,,ELI What are corporations argument for receiving tax incentives If it is to remain competitive shouldnt a capitalist society allow these companies to fail,6
gogoplata,6,0,1qxl8m,6,I see the writing on the vehicles just dont know the difference,ELIThe difference between Police Officers Sheriffs Constables etc,6
xDIREWOLFx,4,2,1qxl7k,5,,ELI Where did disco come from What did it become,7
bdomb,1,1,1qxkyb,5,What is the difference between the rules outlined in a constitution and the bylaws and what should be in each  If there is a conflict between wording which one takes precedence and the like  Any other important differences and unique uses would be appreciated,Difference between an organizations constitution and bylaws ELI,6
lishiebot,1,1,1qx1ic,7,,ELIWhy do my Christmas lights work when I take them down but bulbs die during the year while not in use,8
MyBadUserName,4,3,1qwtok,5,,ELI Why do the D glasses I get at the cinema not work on my PC at home with youtube or any other site,8
toyladill,8,1,1qwsu9,6,I know it has something to do with the fall of the roman empire but what ignited the decline,ELI What made the Dark Ages happen,7
laposte,13,1,1qwjbd,6,I use Paypal to process credit cards and for Paypal transactions I refunded a customer on Friday and they called this morning  angry  that they havent received their money I called Paypal to complain but they said that the money is gone from their accounts and could take  business days before the customer received the money back I asked So youre telling me that their bank is holding onto their money for  business day until they decided to give it back Why Of course they claimed not to know To me this doesnt make any sense Why is it that if I send money to Paypal its instantaneous But trying to get money out of Paypal takes days as Paypal account holders know this is true for transferring money from the Paypal account to a bank account as well Is it just me or is paypal doing something underhanded like pooling money for interest under the guise of This is normal processing time Please someone explain this to me Edit This isnt the first time this has happened more than once Ive received angry phone calls from customers complaining that paypal hasnt given back their money  even though the refund was processed ,ELI When I transfer money from Paypal where does it go for  business day until it appears in my bank account,7
kingserge,1,1,1qw9un,7,Ive had it for years whenever i scratch my head hard,ELIHow does dandruff come about,8
soggyindo,6,3,1qw50l,6,Explain as if to like an almost real five year old please Do they all have the same games How much are the units and games If my iPhone can play tealistic games why doesnt everyone just use regular computers Do they each use the same controls Are they CDs or digital downloads Do people mainly pirate games like films Which is better cooler more fun more respected etc So much mystery,The differences between and respective merits of different gaming consoles PS XBox Wii etc,9
hotnvicious,7,3,1qu6uy,6,,How do meteorologists generate a percent chance of precipitation,9
concretebox,10,1,1qu5mw,7,Ive lived in big little cities in the Midwest most of my life and whenever there is a tornado it seems doesnt touchdown in a downtown metro area with lots of tall buildings Its usually in an empty cornfield or a tiny town  miles away ,Why does it seem tornadoes only touchdown in very small downs or remote rural areas,8
Ninjaspar,9,12,1qu4vp,6,edit Also does anyine know why the same applies for watching it,ELI Why is the minimum age for sex  while the minimum age for porn is ,18
sweater,2,0,1qt387,6,On the weather report for example they will say something like high  degrees the Accuweather RealFeel temperature is  degrees Or high  degrees but windchill makes it feel like below freezing I dont understandhow can the weather feel like a different temperature If it feels like its freezing how is it not freezing,ELI How can a temperature feel like a higher or lower temperature,6
AlreadyDoneThat,8,3,1qsnf8,5,I understand why unsold hotel room prices often drop closer to checkin  of something is better than  of nothing but am entirely perplexed by how airlines work exactly the opposite  Google tells me its a general trend and a result of supply and demand but doesnt qualify that with an explanation of how empty seats ie excess supply for the given demand warrants a seemingly counterintuitive increase in price  If the flight is going to take off anyway why do ticket prices rise while trying to fill those seatsThanks,ELI Why do unsold seats on a flight rise in price closer to a departure while unsold hotel rooms drop in price closer to checkin,8
seriousgourmetshit,5,5,1qrist,8,,ELIWhat causes that feeling in your chest when youre really horny,13
Deusterr,21,9,1qr526,6,When it comes to science im way off I dont understand a damn thing Can anyone care to explain ,ELI Black Holes,15
Masterdunder,35,10,1qqtfx,4,I heard a stat that  of Americans believe the earth is around  years old I thought well that is against all scientific evidence Yet I realized if I had to argue the point all I could really say is blah blah blah carbon dating blah blah something something So please like Im  let me know how we know the Earth is so old ,ELI How we know the Earth is more than  years old,14
NotAVerySmartGuy,7,0,1qqbb2,7,I feel very dumb at the moment I cant find any simple tutorial for perlin noise and its extremely complicated ,ELI Perlin Noise and how it works,7
TheSalsa,3,1,1qq9dr,7,Ive always heard that helicopters are very difficult to operate and recently saw the Smarter Every Day videos explaining the physics regarding how they actually attain flight which got me interested in understanding how one actually operates a helicopter,ELI The controls and process involved in flying a helicopter,8
nikolaguca,3,0,1qq8iy,6,,ELI If wed to evolve to see the entire spectrum of electromagnetic radiation what would we see,6
evo,3,2,1qq6xw,6,,ELI Why do voices sound high pitched when you fastforward a tape or a record but not digital media,8
Theon,4,1,1r8orc,5,It seems to me that nowadays only modern classical is composed which I have nothing against and say no more operas written with the same scope as the wellknown operas had and so on in every art form Whys that,ELI Why does nobody create art from past movements anymore As in why is there no more baroque music romantic novels or expressionist paintings,6
kuke,12,2,1r8nf8,4,,Why does a PC take so long to boot Or at least a windows operating system IT takes So long from button press to desktop arrival Especially in todays everincreasing speedy technology,6
alphanaut,9,4,1r8kp7,4,In particular Western RPGs I understand why  is used but Ive never gotten why developers would stop at Edit People have asked for examples Im thinking games like Diablo and Mass Effect The question came to mind when I was browsing rassassinscreedhttpredditcomrassassinscreed and someone mentioned that the Man o Wars you face had a level cap of ,ELI Why is  a common level cap for RPGs,8
kromagnon,7,1,1r8dhv,5,,ELI Why do businesses set up shop right next to a rival Dont they end up getting only half the business they would than if they set up somewhere without a rival nearby,6
TRVPDR,8,4,1r8cgn,5,I think I have  basic understanding of what a filibuster is basically lets talk till its too late to vote I think but I dont know what the proposed reform iswill do  And I have no idea why people would be opposing it Would be good to have it all simplified and understand both sides of the argument Thanks,ELI Exactly what will Filibuster Reform do What is the problem that Obama is trying to solve Why are people opposing this,9
largefarva,3,4,1r82um,5,,If record companies see no problem with issuing false DMCAs takedowns all over the internet whats preventing us from doing the same in retaliation,9
ryanschwartz,6,2,1r80g0,5,Bonus points why does softened water rinse off soap less effectively than hard water,ELI Is there such a thing as naturally soft water or must we process water to make it soft,7
CapslockEngaged,7,3,1r7yfr,6,On the top of rrage there is a post about how some crappy metal baskets cost  dollars and there is no other way to get them because they are contracted to a medical supplier  Why on earth would a company make it so that they can only buy from  source where that source is now free to charge things marked up   What could possibly be the benefit for the hospital in this case,ELIWhy do companies like hospitals enter contracts with suppliers Isnt it a horrible idea to limit yourself to  vendor where they can charge insane prices,9
Ohbeejuan,1,1,1r7o3p,4,Im not well versed in political language and the summaries dont make much sense to me Can I get an explanation in lamens terms,ELIHR  What does it entail and hows does it differ from The Affordable Care Act,5
EATCHEX,3,2,1r7mr2,4,Ive got a very basic general knowledge of the internet in that I know what clients and servers are that different protocols FTP HTTP etc exist and that data can be transmitted in different waysWhat I dont understand is the term asynchronous as used in the acronym AJAX and so on So I searched ELI and found these explanationsgt Synchronous is like going to the pizza place making an order waiting for the order then taking your pizza and going home Asynchronous is like calling the pizza place saying Hey can I get a large pepperoni then in  min a pizza shows up at your doorSo that makes sense I suppose In synchronous communication every exchange between client and server happens in order and the next one doesnt happen until one is completed Right But that doesnt explain to me why FTP is considered asynchronous In FTP arent you constantly engaged in a conversation with the other side Isnt that synchronous,ELI Synchronous vs asynchronous in terms of AJAX FTP etc,6
IAMAchavwhoknocks,4,3,1r7lsp,6,,ELI How does a director have any impact on the story itself since he doesnt write the screenplay,9
NckDngr,10,1,1r7dlt,5,How does this effect me,ELI What does the US Senate invoking the Nuclear Option mean to me as a citizen,6
ghobs,10,1,1r7cpi,7,Wouldnt this minimize the chance of power loss during storms as well as maintenance For example the vast majority of people who lost power in the NYNJ area did due to power lines getting damaged ,Why arent all power lines buried underground,8
initials,6,1,1r7a4c,5,Please explain the science behind this httpswwwyoutubecomwatchvHUadcjdKampfeatureyoutubegdataplayer,ELI how can a toothpick balance a fork and knife on the edge of a glass cup,6
SolidSilk,1,1,1r79mn,5,,ELI How does the BMovie industry work,6
aznednacni,2,0,1r72f3,6,,ELI No Child Left Behind,6
FramingHips,2,0,1r6iqh,6,So Im watching Are You Afraid of the Dark and the protagonist in the story is a young deaf girl The story takes place in the future where it seems the main weapons used are sonic weapons to essentially incapacitateparalyze the victim Now this may seem like a silly question but would someone who is completely deaf still be affected by sonic weaponry The hero in the story is not I know we have some sonic weapons today but I believe most of them operate on ultrasound so wouldnt a deaf person still be affectedIm very curious Thanks,ELI How exactly do sonic weapons induce nausea breathing difficulty vertigo etc Would a deaf person be affected differently,6
towelboner,2,0,1r6gsf,5,,ELI What exactly is a point spread and overunder in sports betting I always hear people talking about givinggetting points but I dont get it,5
writeathesis,17,0,1r6bny,5,Edit Wow A lot of responses many quite long and elaborate Thank you for all of them All of you guys receive an upvote and I mark the thread as explained Thanks againEdit  Special thanks to ufrobnic and uBackDayOnly for their very long answers,ELI Both the Cmajor scale and Aminor scale contain the same sounds What makes a song be in one scale and not the other,5
paintitblk,1,1,1r67zq,5,I see this discrepancy quite a bit  Using myself as an example I have always been above average when it comes to written communication  English was my best class as early as first grade Ive always written A papers without even having to try very hard and professors compliment me on my writing style  I can present my ideas and arguments very clearly through writingBut when it comes to ANY sort of verbal communication I come across as a blithering idiot  Im sure people who dont know me and have a brief conversation with me assume I have an IQ of   My words come out jumbled I have no idea how to explain things or argue my points  I often end up saying the exact opposite of what I really mean  My brain enters a state of confusion that prevents me from saying anything meaningful when Im on the spot If I could speak at the same level as I write a lot of things in life would changeSo I want to know what exactly is going on in the brain that would make someone an adequate writer versus speaker ,ELI What exactly is missing in the brainmental processes when someone has above average written communication skills yet poorbelow average verbal communication skills,6
LagunaBeachSucksDik,1,1,1r6543,6,Its weird how you can just think of hearing that noise and you get goosebumbs and recoilWhats the deal,ELIWhy are certain sounds like nails on a chalkboard so unpleasant,7
Smashinator,5,1,1r63g5,5,,ELI Why The Third Reich only wanted babies with blonde hair and blue eyes but Hitlers hair was brown,6
ibanezjerk,4,2,1r62oo,4,Im so confused by the offscreen comic book genre that I dont know how to phrase the question other than What is a Comic BookBatman Superman Iron Man Hulk The Fantastic Four etcIll try to help guide the answers by attempting to phrase questions They all seem to have their first edition Then ten years later they seem to restart the story Or is it just a fresh story I just get confused thinking about it How frequently do they simply continue the story and reference past events and keep things continued And how often do they just completely forget past comic canon and just start freshAnswers by example could help Like maybe Batman,ELI Comic Book lore Why so many crossovers reboots and resurrections of characters,6
Spyderbro,6,2,1r61fu,5,,ELI Why does it take so much work to gain muscle Wouldnt having fastgrowing muscles be an evolutionary advantage,7
drballoonknot,5,1,1r5q2t,5,Im having a hard time figuring this one outThere isnt a clear answer online so Im hoping my fellow Redditors can clear it up,ELI Affordable Care Act aka Obamacare is causing people to have their insurance policies cancelled Why,6
billychildish,2,1,1r5m0e,5,And I mean races since the term seems to be more about a sociological idea rather than a real anthropological difference Im curious about where did we as a species began geographically and how did this traits came to be evolved and adaptedx,ELI The origin amp evolution of Black Asian amp European races,6
jerodimus,3,1,1r5lzj,6,,ELI Why doesnt Germany have a minimum wage What effect does this have on its economy and people,7
DrMarmalade,7,2,1r5c42,5,,ELI Why is it acceptable that the cost of American University tuition and student loan debt is rising so steadily,7
EightRoundsRapid,4,0,1r4rag,5,Obviously this depends on the country What different models exist among them and what are the benefits,ELI People talk about turning the internet or just access into a public utility  what does this mean in practice and what would change for the user,5
jad,5,0,1r4nn0,6,I understand that the European Union posses a common market no internal tariffs or barriers but Im a bit fuzzy on general taxes Is there one agreed upon external tariff policy for members nations or does each country establish a tariff within a similar amount to each other Does each country have its own value added tax What about income tax,ELI How do taxes in the European Union work,6
joshmarcus,6,2,1r4dkk,5,Im not asking for a tutorial although I would be interested to see one Im more curious if this is something that people actually do or just an over reaction by some ,Ive seen a lot of people put PostIt notes over their webcam How easy is it for someone to hack our cams ELI,7
hpizzle,7,0,1r43fi,5,Ive heard many physicist say this The math between the two starts to break down and not make any sense What exactly is meant by this What parts of GR specifically break down This question stems from the recent String Theory post I asked it in there and was advised to make a new post Is this where string theory comes in Ive read that some of the math string theory has produced is remarkable ,ELI What exactly is meant by the math breaks down when talking about general relativity and quantum mechanics,5
underscore,6,1,1r3yp7,7,,ELI Who creates the annoying online surveys and instant win popups What do they do with the personal information that they ask for and has anyone here ever wonreceived anything,8
DolphinTitties,4,0,1r3qsj,6,,How does a single groove in a record depict all the different sounds of a band at the same time,6
skboyi,1,0,1r3lj0,5,This always confuses me every time I play a record,ELI How do such simple looking grooves in vinyl records express such a wideranging amount of sound,5
rickjackwood,6,1,1r3kng,5,Id be interested to know,ELI  Why is fat on some people seem tight beer bellies and some super flabby,6
liekarma,24,6,1r3fh2,5,,ELI Can anyone explain what Dr Who is about in less than  Words,11
blueskies,3,5,1r2k7u,5,How often do people physically go to a bank anymore  Over a dozen new banks have been built in my area over the last few years  Why are so many new bank locations being builtedit Texas United States,ELI why does it seem like retail bank locations are being built everywhere,10
QUDCK,13,4,1r26e2,5,Are they even profitable ,ELIHow are free apps profitable,9
Sharris,27,1,1r24ab,5,Prices are always going up Why,ELI Inflation Will one day people pay  for a cheeseburger Will prices on thing increase forever,6
,1,0,1r1m2g,6,,ELI How has the united states acquired a secret court and how is it constitutional,6
pokamonmasta,1,0,1r1le4,5,,Why is the Golden Ratio so aesthetically pleasing,5
maestro,5,0,1r1aup,5,,ELI How could physicist determine whether or not we live in a simulated universe using quantum chromodynamics,5
Orginalusername,2,3,1r16cf,5,,ELI Why are boxer dogs more prone to cancer than other breeds,8
Jeffmi,2,0,1r106l,5,,ELI Why do we get goosebumps,5
anotherguy,7,1,1r0xsu,6,So I want to build a gaming computer and im looking into different parts Im watching build videos on youtube and I hear DDR used a bit and I hear that DDR is in the PS As a console gamer I dont really know the major difference between the ram in my laptop and the DDR stuff Can someone explain it to me,ELI What is so impressive about DDR and DDR memory in computers,7
dylanbh,3,1,1r0unt,5,,This might be a stupid question but how can companies make almost exact copies of name brands Oreos Cereal brands etc and not be infringing copyrights,6
axisradius,4,3,1r0snn,6,example I read that hurricane sandy estimated  billion dollars worth of damages and that the insurance companies only had to pay out  billion first of all who covers the rest  billion and secondly how can they afford to pay billions of dollars to the victims who lost everythingEDIT thanks for the replies was looking for an answer on google but couldnt specifically find what I was looking for,ELI How can insurance companies afford to pay victims of natural disasters,9
Riverrat,6,2,1r0rjy,4,Curious as to what all different factors come in to play to determine prices at the pump and how it fluctuates so much ,ELI How exactly do gas prices get determined,6
buggiezor,10,2,1r0rb9,5,The weather is here in our atmosphere and space is so far away And yet we can predict space much more accurately  Why,ELI Why can we predict solar bodies movements and eclipses a thousand years from now but we have trouble predicting the weather tomorrow,7
asianboatride,2,1,1r0p8h,4,,ELI what are Organic photovoltaic solar cells,5
Lilshwimp,1,3,1r0od0,4,,ELI How are Synthetic Fuels produced,7
SageTheGemini,1,2,1r0md7,4,,Why do some solids melt at high temperatures while others combust,6
unclestumps,17,5,1r0918,6,,Smoking cigars vs cigarettes is it the same risk for cancer,11
Veere,2,5,1qywd8,5,Or any other liquid for that matter Heres an examplehttpgagcomgagaozMr,ELI Why does water make weird shapes when exposed to a really low and loud sound,10
CaptainScuttlebottom,6,1,1qyizs,5,I stumbled upon an article about set theory on Wikipedia today and while I think I understand how an infinite number set can be countable I dont understand how A number set infinite or otherwise can be noncountable What does this mean What are some examples,ELI Countable VS Noncountable number sets,6
DJJC,5,3,1qy49q,4,Im thinking things like water wheels or wind turbines,ELI How is physical energy turned into electricity,7
Yaws,2,3,1qxwvu,6,,ELI Why has no contact been made between the presidents of the US and Iran since  before now Does it have to do with the Iranian Revolution What is that,9
arablu,13,12,1qxtil,3,i really dont want to offend anybody im just curious,ELI what do KKK members and other racist groups mean when they say that all blacks are niggers but not all niggers are black,15
saucysalesman,6,2,1qxt2s,4,Ive learned in class a bit about encephalization and why humans have developed large brains but I still dont completely understand it or why other mammals havent evolved brains like ours ,ELIWhy havent any other mammals evolved large brains like humans have,6
flapjackKing,0,0,1qxkuj,5,Apologies in advance for the title but I want someone to ELI this article which I read today on a news subhttpphysicsworldcomcwsarticlenewsnovphysicistsrevealaquantumcheshirecat,ELI How did physicists come to the conclusion that the properties of objects can exist independently of the objects themselves,5
nonohoho,6,4,1qxk2e,5,,ELI Why is it beneficial to increase your heart rate through exercise but not through stimulants like caffeine amphetamines etc,9
thatssick,2,0,1qxhfx,5,Having trouble grasping the concept Pls help,ELI The basic refrigeration cylce,5
Smashinator,0,0,1qxdtx,5,,ELI Metal Gear Solid canon,5
Tiaan,3,0,1qxd6l,5,Its so strange to me to see quicktrip offering gas at gallon while the shell and chevron across the street offer it at gallon Is the quality of gasoline worse ,ELI How can some gas providers such as Quicktrip and Racetrac offer gas so much cheaper than the others,5
zaidahoe,3,1,1qx46a,5,I cant think of a better way to phrase this question I guess the best example I can come up with is Spanish or English or French being taken to the New World Since this was the American Indians first time they had contact with a European language how did they come to learn the language without teachers or any reference points Was it pointing and saying tree and them then pointing and saying arbol Obviously it can be a bit easier with languages from the same familiesgroups ie Romantic because of similar structuregrammarroots but what about Romantic vs Turkic or Uralic,ELI How were humans first able to learn foreign languages,6
ticktockreborn,1,0,1qx3xg,5,I always thought that toothpaste was just so it tasted nice when you brushed your teeth but is it more than that Does it help the brush clean What exactly does toothpaste do,ELIWhat does toothpaste do to help clean your teeth,5
CowardAndAThief,10,1,1qwwcf,5,I dont mean any disrespect by this but no one can deny that the gay community has been associated with AIDS for a very long time What makes gay sex and gay activity more risky that straight,ELI Why is AIDS so common in and associated with the gay community,6
titleistforged,7,2,1qwajz,4,I tried to Google but alas could not come up with a simple explanation This is just something Ive always wondered especially given how early s technology is clearly nowhere it is today How are these structures still standing How did they even get erected How is it safe,ELI How are skyscrapers from say the early s safe given the limitations of technology back then,6
draebor,0,2,1qvqm4,5,Im one of the people that never remembers dreams but people I know quite frequently remember theirs in detail  Is there some way to become more aware of your dreams,ELI Why do some people clearly remember most dreams while others rarely do,7
johnnyjfrank,15,3,1qv7b7,4,Why dont rd world countries simply nationalize all of their industry Nationalizing industry and resources would provide a huge boost to GDP and overall improve the situation of people living in those countries wouldnt it,Why Dont rd World Countries Nationalize All Industry,7
loolfuk,2,3,1qv2v6,6,It seems like since the bitcoin phase has kicked in programmers have found new ways to utilize AMD graphics cards Is this the case or is nvidia just falling behind on innovation,Why are gaming companies moving towards radeons,9
deleted,10,6,1quw4x,4,,ELI How come when plugging a device into a Mac it finds it instantly whereas on Windows it has to install it,10
chazz,14,4,1quvjx,5,,ELI Animal instincts How do they know what to do and when Is any of it evolutionary,9
Onceuponashotglass,17,2,1qu3ju,7,There seems to be tons of Brits and Aussies on Reddit Ive read the rules over and over and I still dont get it Can someone or multiple people please explain cricket to me Like theres different games that mean different things I heard I dont even know Please educate me on the ins and outs of Cricket,ELI Cricket The Sport Cricket Please explain it to me,9
FPTN,3,3,1qts23,7,Im doing a course for philosophy amp ethics and this is the topic I struggle the most on I can grasp a few ideas like agape and antinomian ethics but Id really appreciate if someone could explain the ground principles of situational ethics in simple termsThanks,ELI Joseph Fletchers situational ethics,10
firefly,3,2,1qt3jl,4,Why are words like shit and fuck so offensive Why do we tense upon hearing them or if we do not why do we at least fully comprehend swear words to be bad language and not fit for proper conversation,ELISwear words and vulgarity,6
theresamouseinmyhous,8,2,1qt3b3,6,,ELI Why are liberals left and conservatives right,8
cartapo,5,1,1qszb2,5,Like when they promote something and say brought to you by corn nuts etc,ELI What does brought to you by  mean on television shows for the company,6
herpmanderpstein,9,1,1qsokr,4,,ELI How do some movies cost upwards of  Million to make,5
Malikot,2,0,1qry0o,6,I moved to another city about  mins away from where I used to live and brought my cat with me My cat ran away within the first week of moving to the new house and was no where to be found A few weeks later I get a call from my old neighbor saying that my cat is there and to come pick it upHow do these animals have such a good sense of direction I know humans that would have issues with that It amazes me to no end,How can dogscats find their way home even if they have no idea where they are,6
destructoBear,3,0,1qrlz9,5,Trying to get healthy and started looking at labels more closely Finding this perplexing ,ELI Is the cholesterol listed on food packaging the bad kind LDL the good kind HDL or a mix of the two,5
Crazycall,6,1,1qri1t,5,I understand the whyyou cant brand or patent a drug without giving it its own name But with the billions of dollars at stake in the prescription and nonprescription drug market there must be a ton that goes into creating the brand name itself And its not like the names sound anything like English words currently in use So where do they come from,ELI How do drug makers come up with the names for their drugs eg how did Fluoxetine become Prozac,6
Samtaro,6,2,1qq66p,5,Id like to know what the pros and cons of having a very fast lets say a  Ghz dualcore chip versus a slower processor with more cores  like a quadcore  Ghz CPU Thanks for helping me learn,ELI In terms of performance what are the differences between a fast processor high frequency versus a multicored processor,7
rossboss,8,0,1qq5wc,5,Can you explain how government controls health care ,How does government funded health care work,5
dafuqx,1,2,1r8twi,4,,May sound like a dumb question but how do captionbot and all the other bots work,6
outside,4,0,1r8mdo,5,I dont think its a good idea to do anything but slumped shoulders eyes down slow movements hands up tell the robber what youre gonna do before you do it  Money isnt worth my life or othersHowever I dont know how much Id have it together if something like this were to actually happen which is why Im askingIts corporate retail if that makes a difference,ELI My workplace has instructed me to cooperate with a robber should one enter the store If a robber points a gun at me on the job and I instinctively attempt to wrestle it away causing a third party to get shot in the process can I go to jail or be successfully sued,5
davricle,1,1,1r8lz5,4,,ELI How is information saved to and moved around motherboards and other computer components,5
VolsDeep,1,0,1r8lpv,4,,ELI Why dont you continue to get sick after you have gotten better when you brush your teeth with the same toothbrush you used when you were ill,4
littlemonky,1,1,1r8k77,4,,ELI How and why do climates exist,5
UtileDulci,6,4,1r8aze,4,,How do government agencies catch you when pirating media,8
jewfrowizard,3,4,1r7xkd,4,Would it reach space,ELI If I pointed a flashlight into the sky how far would the light travel,8
DocMichaels,4,3,1r7pv2,6,Ive been on multiple flights across various carriers both civilian and military  When flying overseas on a military charter flight through the Marine Corps the junior enlisted board first filling up the rear rowbyrow all the way to the senior officers who land in forward coachfirst class  To me it is fast efficient and simple   On a civilian flight they board first class early then go straight into a zone system that seems to board different parts of the cabin at the same time  Is this an efficient procedure or simply placating to higher paying customers  additionally how are such zones developed  Thanks,ELI Airline boarding zones and the efficiency of the current boarding procedures,9
FarsideSC,2,3,1r7lpm,4,,ELIWhy do metals react the way they do in microwaves,7
SpaceMasters,2,0,1r7dv9,4,A scorpion has  legs but also  arms with claws for a total of  limbs A crab has  legs and  arms with claws totaling  limbs Why is one an arachnid and the other a decapod ,Why are scorpions arachnids and not decapods,4
EmergencyTaco,13,0,1r79gg,5,I just read a comment on an AskReddit thread where a guy got married to a woman who he knew was cheating on him and then at the reception he announced to everyone that she was cheating and they were getting divorced He married her because her family had a large amount of money Why did he then become entitled to her money if they were together for such a short period,ELI Why are people entitled to half their partners estate after a divorce,5
pilor,27,1,1r72d0,5,Apologies if that sounds blunt but as someone whos not from there it really boggles my mind I read another ELI where it said its expensive to dig basements but what about some other type of shelter Or because it keeps happening year after year just move,ELI Why dont people in tornado alley have shelters or just move,6
,10,8,1r6z1v,4,,ELI The United States is  trillion in debt Who are we in debt to,12
DaBomb,6,3,1r6y7l,5,If i take a  F shower it feels nice Why would a  F room feel hot,ELI Why do hot showers feel so nice when if room was the same temperature we would feel uncomfortable,8
benxxrd,2,1,1r6wi3,4,,ELi How do touchscreens work,5
BlueLandr,10,0,1r6wdq,5,Say someone was arrested for something serious murder for example The moment he is arrested he doesnt talk and simply never talks again until the crime is resolved for better or worse What is the procedure at that point Will he simply be found guilty at some point I assume he can never be released on some sort of charge until he communicated maybe on contempt ,ELI What would happen if the moment you were arrested for a serious crime you refused to talk forever,5
NotMorpheus,17,4,1r6uu5,3,,ELI Why cant I put a Playstation  disc into a Playstation  if they are both blurays,7
IxuntouchblexI,5,1,1r6tdp,6,,ELI What does Cousin first removed mean What does being First second third removed mean,7
Irishczechmate,7,1,1r6owq,4,,Why does rubbing the skin of an area that got hit assuage the pain,5
whiskeyandwry,2,11,1r6mx6,2,,ELI Why does water feel so much colder after eating mintflavored food,13
xanderblue,5,0,1r6g9n,4,,ELI How do the police estimate the market value of seized illegal drugs,4
Dencern,2,1,1r6fqe,4,Is it because the body goes into some sort of emergency mode,ELI How is it so that great emotional stress will stop us from being hungry,5
Floogen,7,0,1r6f94,4,I am curious to find out exactly what is being debated and what the two sides angles are I feel like the energy companies are just trying to save their monopoly over the public Can anyone eli ,ELIWhat is this current feud between the Solar industry and Energy companies,4
MarcusYallow,12,18,1r6dwq,3,,Why dont we like Comcast,21
Pussyforlunch,1,0,1r6d4l,4,I see these graphs I hear people using them to decipher to the best of their ability where it might take the price They go up down How does that follow a pattern How can I learn to take all relative information and use it as an advantage when tradingIm trying to learn how to understand the markets but am getting overwhelmed on where to start,ELI How to use stock charts graphs to a traders advantage,4
flarglesnarg,6,1,1r6926,4,In the video off LiveLeak what is he claiming and is it actually correcthttpwwwliveleakcomviewi,ELI What is the Montana Mountain Man claiming legally,5
RazielNassar,3,2,1r64ap,4,,ELI Why do dogs tilt their head when confused,6
mossysasquatch,6,1,1r63se,5,,ELIWhy does it hurt more when we put salt or pepper on a wound,6
salec,3,2,1r63bi,4,,ELI If GDP is measured in dollars does a countrys GDP go up if the dollar weakens,6
shipwrecksessions,3,3,1r603f,3,Trust me I already feel the shame of having to ask this as a female but Im genuinely clueless I get the idea of pinning hair back but not how to pin hair up,ELI How to use bobby pins,6
TickleTock,5,1,1r5mq4,4,Just wanted to know as I sae the sun setting today and wondered why it looks different ,ELI Why is the sun a deep orangered colour when rising or setting as opposed to yellowy white during the day,5
octoberyellow,1,1,1r5mgs,4,,ELI Why is it that sometimes the ice on my windshield in the morning is easy to scrape off and other times its like the molecules of the ice have bonded with the ones in the glass,5
ThePublicDomain,6,1,1r5mam,5,It seems to really help with colds stuffy noses etc but I dont really understand how this can affect your nose especially when youre lying down,ELI How does VapoRub and similar ointments make your nose less clogged when its slathered on your chest and back,6
wisepine,1,0,1r5lxp,5,Maybe its cause I just got one but what goes on in your body to give a person a randomnon contact nosebleed And why does it only happen in your nose,ELI Why do random nosebleeds happen,5
irllama,9,7,1r59yz,4,,ELI Why is it impossible to ever raise ones IQ,11
BenevolentTruculent,7,0,1r51il,4,States east of the Mississippi are generally small to medium sized with boundaries defined by rivers mountains etc and they are also more densely populated Boundaries in western states are straight and the land area is larger but these states are less populated Why is this so ,ELI Why are the western states larger in area than the eastern states,4
KennyCarly,7,3,1r4syu,4,All satellite maps that Ive seen show the East side of the United States as being very green and fertile while the West side appears to be quite dry and arid Its almost right down the middle,Why is the US West Coast a desert,7
HorizonsUK,4,0,1r4k6c,4,,ELI Why are Atomic Clocks so accurate and is there anything better,4
onepotatotwo,5,1,1r416a,5,Why do dogs do the full body shake every time they get up ,Why do dogs do the full body shake every time they get up,6
EstherandThyme,2,1,1r1lun,4,Its almost am and I suddenly have a pressing need to know the answer to this I tried googling it but my tired brain just got more confused,ELI What kind of circulatory system do spiders have,5
welikebakedpizza,4,0,1r1h7t,4,Like on a guitar What are they What do they represent mathematically Musically Why learn them What do they help with Are there different types Can you make new ones,ELIMusical Scales,4
Nogorn,3,0,1r1dd9,4,I have searched but i can only find tutorials on how to use a flash drive is ram I would like to know what its actually doing to speed up my computer and how much i can benefit from it,ELI How does your computer use a flash drive as ram,4
Theslykit,1,1,1r1cr6,4,,ELI Why do a lot of people feel motivated to do a lot of cleaningwork at night,5
southsidekorean,1,0,1r1c7d,4,,ELI What does higher farm subsidies mean,4
LeGreatMarquis,3,0,1r1add,4,Ive searched google about this but they used this philosophy language that i dont understand,ELI What is Kants kingdom of ends,4
zomgguyz,5,3,1r15fj,4,Did cats actually serve a purpose to ancient people like dogs Or were they simply kept as pets for a family,ELI What was the purpose and use of the domesticated cat in ancient times,7
justin,2,0,1r10it,4,Okay so I have heard a lot of negativity over this whole Common core thing lately and Ive heard rumors about it banning AP and pandering to stupid kids Ive tried googling it and found either confusing jargon tea party hate pages and people supporting it without knowing why they support it other than the fact that someone else is against it Fortunately you guys here at ELI have cleared up some of the confusion but I still dont know how it would affect someone like say my brother a gifted student that knows more than most adults,ELI How does Common Core affect advancedAPgifted students and does it really dumb everyone down,4
PasswordGoneForever,1,0,1r0xxa,4,Periodically I get a taste bud on the tip of my tongue that seems swollen and painful What causes this,ELI How come I get swollen taste buds,4
LeftyGuns,6,3,1r0vkv,3,,ELI Why is the goat associated so closely with the Bible Furthermore why is it associated more with SatanThe Devil,6
bigwax,4,2,1r0ic1,3,,ELI Public and Private Keys,5
Custodes,3,0,1r0h8s,4,,What does it mean to franchise a business,4
Rafiki,2,0,1r0ep7,4,I have googled webinard and asked my teacher but I still do not understand Common Core or PASS standards I dont know why but I just cannot wrap my head around it Would someone kindly explain this to me Please,ELI Common Core Standards and PASS standards,4
overimit,2,2,1r09n7,4,This is something thats puzzled me for a while so I hope someone can answer this,ELI How was spoken and written language first developed How did a lage majority of people agree on a set of alphabets or words,6
hilljm,12,4,1r017j,3,I understand formfunction and marketing of varying types of vehicles but not why it is not a part of safety protocol for noncommercial vehicles If people can walk away from totaled cars in races it doesnt make sense to me that thousands of people die in every day accidents involving rolls ,Why arent all vehicles built with roll cages,7
kk,9,3,1qzgif,3,,ELI If stem cells are so helpful and cure all sorts of disease why is it seen as unethical,6
lpg,11,3,1qzcjl,3,Like I said above I know how they work I just dont know what exactly makes direct injection better,ELI I know how both multiport and direct fuel injection work but WHY is direct injection better,6
Pyyro,4,1,1qzacf,4,,ELI  Why is ocean water more clear around the equator,5
wafflesplease,16,3,1qz948,4,I understand that its a quality improvement but what is the process for improving it How much of a quality difference could be expected from a remastered album released on the same type of media a CD for example,ELI What is a remastered album,7
rincewindx,3,5,1qyvzt,3,alternatively  why food marketers want me to believe they are bad,ELI why artificial coloursflavourspreservatives are bad,8
Fearlessbunny,2,1,1qytjd,5,This is honestly something that has bothered me for many years and I was reminded of it yesterday when I formatted my PCDownloading roughly  updates at somewhere around  GB and installing them took somewhere around  to  hours to complete using a  Mb connection and a SSD drive In comparison I think I could easily download and install a game taking up  GB in the same amount of timeI can understand it being slower due to it messing with the system but by this much,ELI Why are Windows Updates abysmally slow compared to regular software,6
midoreigh,7,1,1qyqrp,4,Pornography has been existing in this earth long before internet After the invent of internet and so many years later why these guys suddenly make noise against online pornography I dont think there is any studies showing that online pornography increased rape or sexual abuses against women So please ELI,ELI Why is that suddenly everyone including David Cameron Google Microsoft etc turned against online pornography esp Child Pornography,5
xDrRed,4,2,1qyp2e,3,,ELI Why do most people not like what they sound like,5
usethisaccount,6,1,1qylp4,4,,ELI What is the purpose of mustaches,5
stuckbandgirl,2,1,1qyira,6,edit sorry for the bad grammar in the title  for example derivatives of opium anti depressants or just about anything you feel like explaining ,ELI How do different drugs interact and affect the chemicals in your brain,7
Bellegar,2,3,1qyd3h,3,,ELIFrozen food being thawed and refrozen why is it a bad idea,6
silverslayer,3,4,1qy79k,5,FXX and Fox are both owned by the same parent company and presumably Fox already owns the rights to the Simpsons broadcasts  Is this just a paper transaction and if so why not say  or bil,ELI Relating to the recent Simpsons syndication purchase by FXX why would a Fox owned company pay mil for a series to which the parent company already owned the rights,9
itsmikeo,2,3,1qxp13,3,Seriously Theres accounts with like  year old girls with s of thousands of followers Accounts with s of thousands of followers that only have like  photos on the account Whyhow is this,ELI How the hell do noncelebrities get kk followers on Instagram,6
WorldWarChampions,7,0,1qxoku,4,What is the main differences between his Liberty principle and his Difference principle,ELI What does John Rawls Justice as Fairness theory entail,4
commodore,14,4,1qxo8t,3,,ELI why isnt the tax included in most things we buy,7
OccasionallyWitty,2,0,1qxnvi,4,This movie was on cable the other day and I hadnt seen it since it was in theaters so I gave it a watch All unrelated badness aside what struck me so much on my second viewing was that every second or third shot or so my brain screamed soap opera Or at the very least made for televisionCan anybody tell me why It has nothing to do with the dialogue or CG or anything I promise this question is exclusively related to camera placement and movement and etc,ELI Why the cinematography in XMen  The Last Stand reminds me so much of a soap opera,4
HMashell,2,1,1qxjsc,3,i know that people were unhappy with the rich being too rich wasis that the only thing,ELIWhat was Occupy Wall Street about,4
CaptainHume,4,2,1qxder,4,,In honor of NoShave November Why are beards rough and normal hair is smooth,6
batmaaaaaaaaaaaaaaan,4,0,1qxd95,4,ive been living in the united states for most of my life so i am more familiar with how sales taxes work and i was wondering basically why some countries prefer VAT to sales taxi get that to a certain extent it affects consumer behavior since presales tax prices appear to be lower But for the most part it seems like people factor in an estimate of sales tax when buying somethingso whats the difference between the two which is preferable,ELI What are the proscons of VAT compared to sales tax,4
cmallard,3,0,1qxb0b,4,,ELI Why international accents sound charming but regional ones usually sound awful,4
Skiing,4,1,1qx7uq,5,For example even if a drinking glass is completely transparent we can still tell the glass is still there even without water in it which would refract light,ELI If glass is transparentwhy do we still notice that its there,6
RandomlyANGRY,4,3,1qwlxg,4,,ELI Why does diesel car feel faster when accelerating than regular gas car when in reality their acceleration times are similar,7
hiddenDystopia,0,2,1qwln7,3,,ELI What causes aggression neurologically,5
farcekarter,7,1,1qwba9,5,There was a thread a while back in raskreddit that I read about this in Apparently if somewhere like the States or Canada paid off all debts the country would begin to go into recession Whats the cause and why,ELI Why would a country go into recession if they had no debt,6
hellokitty,10,1,1qw8js,4,I was reading mtv news and apparently one directions album leaked Im confused as to how this can happen ,ELI How albums leak,5
iveroi,3,2,1qw6nw,5,,ELI Why do people create downvote bots on reddit but not on other sites for example youtube,7
Kingdonk,2,0,1qw3x0,4,I snore pretty heavy when Im asleep   It only takes a few seconds to start   Why does it only happen during sleep   Why not while Im awake,ELI Why do I only snore when I am asleep,4
guidomancipioni,7,1,1qvsu5,3,Some animals are said to have hearing much more powerful than our own Why do loud noises not seem to faze them as much as you would think,ELIIf dogs andor cats have hearing far more sensitive than a human why doesnt it deafen them when we yell,4
nckyt,26,4,1qvsfl,2,,ELI Why do warring armies not kill each others medics if they can avoid it Wouldnt disallowing their opponents wounded to be helped be a benefit,6
miibc,2,1,1qvonz,5,And why does it take a few minutes to recover instead of just one big inhale,What happens when the wind gets knocked out of you,6
chass,6,1,1qvn5k,5,I read the Tau Manifesto but I didnt really get much past why its better for understanding radians,ELI τ vs π as the circle constant,6
mjbrslou,6,1,1qvmbl,6,,ELI What are the possible ways that we could terraform another planet,7
zergling,8,0,1qvhro,5,Whether it be an empty soda can a pen or whatever they seem to love knocking stuff on the ground I dont personally own a cat but ive seen them do this a lot,ELI Why do cats constantly push things off of high places,5
Teen,11,0,1qvc5d,4,,ELI Why is Americas Income Inequality so High,4
keraneuology,7,1,1qv3jc,5,,ELI every year people get seriously injured and usually killed during Black Friday stampedes Since this is a known risk why do the stores keep doing it and why havent they been sued off the planet for knowingly creating such a dangerous situation,6
theciaskaelie,5,2,1qv2g4,3,I was thinking about how the universe is supposed to continue expanding forever and couldnt remember if it was theorized that this is due to dark matter pushing away regular matter  Does dark matter attract other dark matter  If thats the case wouldnt all the dark matter eventually coalesce in one area and all the regular matter in another,ELI Dark Matter,5
alliegatorrr,2,5,1qv2cx,5,,ELI What is happening when I have a charlie horse And why so I only get them in my legs,10
OverweightPlatypus,3,3,1qv155,4,I do a lot of math problems and when Im wondering what happens to the dust when I erase Since the floor is a carpet can the dust get stuck in there forever It would seem pretty messy after a while,ELIWhat happens to eraserrubber dust Does it eventually disappear,7
rsashe,3,1,1quqvq,4,I understand its to avoid food poisoning but what is it about different meats that make some more susceptible to dangerous bacteria ,ELI Why do you have to cook some meats to a different temperature Poultry Pork as to red meat beef venison,5
VoxImperatoris,6,11,1qunr4,3,Whenever I see a car a regular car not a highend sports car from that time period I always notice how ugly and boxy it is But most cars that you see on the road now even the cheapest ones have a much more rounded and appealing profileI gather that it might be cheaper to make a car with angular parts than to give it a more rounded appearance but then the same would go for today as it would then wouldnt it Has there been some big change in manufacturing to make this more affordable Or is it just a change in fashion,ELI Why are cars from the s and early s really boxy while current cars have a rounded profile,14
ThePhaseV,1,2,1qu395,6,,ELI Why are bad words considered bad,8
linoleumknife,3,3,1qtwtn,4,,What made us decide that women have long hair and men have short hair,7
SmellyPijamas,13,3,1qtvx6,5,Vaccines to my understanding are just weak viruses so why cant we inject a weak HIV virus so our inmune system fights it back,ELIWhy cant AIDS be cured with a vaccine,8
thymespirit,2,0,1qttkg,6,Such as how to read the graphs how the number reflects how goodbad their stock is etc  I dont understand anything about stocks,ELI How do I read stocks,6
spiderclone,7,3,1qtmxm,4,Have you ever been in a situation where you were moving a couch or a bed into a house and it wouldnt quite fit through the door I was wondering if there was a particular reason why they dont just design the doors larger when constructing the house,ELIWhy dont carpenters make doors widertaller when building a house to make moving objects in or out of the house easier,7
Greggleberriez,11,0,1qthjy,4,Ive recently been hearing a lot about Sri Lanka from both the news and my parents and I would like an unbiased account of what is happening currently in regards to the UN Investigations CHOGM and aftermath of the war I am aware that there have been atrocities from both sides particularly the hospital shootings I would just like a straight account of whats up why and what the consequences are if either side got their way,ELI Whats happening in Sri Lanka currently,4
panzerdriver,7,1,1qtgow,5,For example apparently we have only discovered  of all of the species in existence but how do we know the total ,ELI How do scientists estimate how many species in the world have been identified ,6
kodefist,8,2,1qtffl,3,Saw the post about why some movies cost hundreds of millions That is understandable but why are some animation movies so expensive Arent the expenses mostly just paying the animators,Why does it cost so much to make an animation movie,5
snafy,1,1,1qtewm,4,I have a stutter in my speech since as long as I can remember Google tells me irregular breathing during speech causes stutter Is that true If yes what exactly goes wrong Is there a known solution except therapy,ELI What causes stutter,5
HamNinja,3,0,1qt4bv,4,Say Im walking around at night Ill be more cautious and thinking about the worst thing that can happen but if Im with someone even like a toddler I wont think if anything bad Sorry if this has been asked ,Why am I more creeped out alone but not with others,4
yoMush,2,2,1qt3qc,3,also video drive cleaners vhs,ELI How do DVD disk drive cleaners work,5
RyanW,22,4,1qslii,3,I realize that there are other restaurants deliver but as far as I know pizza is the only type of food with nearly  delivery rate Why is this How long have pizzas been delivered,ELI Why are pizza places almost the only food vendors who do delivery,7
WhoShotMyGoat,1,1,1qrpeo,4,From what I think is correct First no one knows Only theories have been derivedMajority of its organs are placed near the head and the electroplaques are in the bottom half of its body tailTissue insulates the electroplaques like a wireNow this is what I really need explaining how the current is formed and how it doesnt affect itself  A current is the same across a series circuit so this remains constant whereas the voltage adds  It is in parallel so the current divides and therefore there is a low amount of current which then discharges all at the same time in to the water which conducts this away creating a large current which kills its preyIf anyone could explain how this relates to electromotive forceinternal resistance and more on how the currentvoltage works with eels it would be very much appreciated,ELI How does an Electric Eel shock its prey without shocking itself,5
FunkyPanda,5,1,1qrl2w,3,When I was  years old I couldnt remember anything that happened when I was  years old and now that Im  years old I can remember  years back yet I couldnt remember  years back when I was ,ELI Why cant I remember anything from before I was about  years old,4
Midknightloki,42,11,1qrc7k,3,His actions clearly meet the criteria but he has not been given the same protection normally afforded whistleblowers Update wow that escalated quickly though everyone seems to agree that Snowden whether you agree with what he did or not does not qualify as a whistleblower so I will concede that,ELI why is Edward Snowden not being treated as whistleblower,14
MrArron,3,3,1qrc14,4,It seems everyone knows that it works and uses it  But everyone I ask has no clue why it works,ELI What does Hydrogen Peroxide do and why does everyone use it when they get cuts,7
liekafox,5,3,1qr010,3,,ELI Why are products made in China so cheap,6
HappyEskimo,14,1,1qqs4b,4,,ELI What is the difference between a sting and entrapment,5
robokrish,2,2,1qqomt,5,,ELI Why do humans cry,7
SonnytheFlame,6,1,1qqlt6,5,I just cant seem to grasp it,ELICrayons,6
FuriousFrog,1,4,1qqkm0,3,One of the worst jobs Ive ever had to do was working a DriveThru while simultaneously being responsible for dishes when I didnt have any orders while the weather outside is like F  After taking orders hands hurt when running them through the water and after a short time they get swollen and even a bit itchy  Why,ELI Why does it hurt to run youre hands through hot water when theyre cold,7
hoesandtricks,7,3,1qqegj,3,,ELI How can the way you code programs make a program faster or slower,6
schizophrenicwalrus,2,2,1qq9yy,6,What exactly is a quantum computer and how does it work ,ELI What is a quantum computer,8
WalkTheAbyss,11,1,1qq4du,5,Besides being relationships what exactly are they Are they constants Or a procedure the calculator follows Can they be calculated by hand,ELIWhat exactly do sin cos tan etc do when they are plugged into a calculator,6
MarbleShoes,12,1,1qq4a0,4,Years ago my friend and I threw a bunch of dirt twigs and leaves into a plastic cup filled it with tap water and shoved it into a hole in a stone wall A few days later we went back to check on it and it had really small creatures swimming around in it Occasionally Ill remember this and think How were those creatures born I was probably a little older than  at the time but I figured this subreddit would get me the answer I was looking for,ELI I left a cup of water and plants out for a few days when I came back it had tiny fish in it How did that happen,5
LofAlexandria,4,1,1qq3su,4,,ELI What is the difference between the estimated  libraries in the US and Google making all books freely available online in their entirety,5
irulethemall,1,0,1r90m7,5,,Why do I wake up from a nap sweaty and hot but when I sleep at night I wake up normally,5
medington,6,1,1r8y52,2,,ELIHow do you become a personal fitness trainer,3
HelloWorld,2,0,1r8wen,3,If I were to createreceive one fake ID wouldnt I just as easily be able to do the same twice or even thrice  This just seems to make it harder on everyone including law abiding people who arent trying to misrepresent who they areEdit I live in the USA not sure if this kind of thing is required elsewhere,ELI Why do I need two forms of identification,3
baseball,0,1,1r8iot,2,So what is the difference between the two and what makes a tessellation a tessellation,ELI What is a tessellation and how is a regular one different from a semiregular tessellation,3
TheDoctorDevice,10,1,1r8gcg,3,The title says it all Ive looked around the internet and Googled it plenty but I could not get a clear answer Im not form America and was wondering about this Thank you,ELI Why in the USA do black people typically vote for the Democratic party when the GOP is the party of emancipation and used to have the socalled black vote When did it change,4
Hizoku,4,2,1r8eic,2,Ive always wondered why do many automaker companies build and show case concept cars if theres no intention of releasing them to the public What happens to the concept cars that they showcase Are they scrapped or does some lucky engineer or corporate big shot take it home,concept cars,4
WarEagle,9,2,1r8djw,3,,ELI What exactly is fracking Why is it so controversial What are the benefits What are the downsides,5
DGTALAXE,1,5,1r87a0,2,,ELI How weather stations get the feels like temperature,7
WonkaRaskolnikov,7,2,1r85rw,4,As an econ undergrad student its embarrassing for me to ask this question I understand how the Fed is buying bonds from the government I understand how this effects the monetary supply and interest rates on the macro level However how does this apply on the microeconomic level Where does this money go To the major banks Does this money ever reach consumers If someone can create a general flow chart of how a  bill travels after it leaves the Fed that would be awesome The money doesnt have to be really physical but where does this cash go,ELI Who gets the money that the Fed prints and what happens to it,6
tomwithanh,5,1,1r7zq7,2,Im having a lot of trouble understanding this staple of Medieval music rhythmic modes I know this is sort of a specialty issue but I figure people ask physics questions here all the time maybe theres a music theory genius out there who could help me grasp the concept I get that there are several combinations of eighths quarters and dotted quarters but what Im having trouble understanding is how theyre combined to make modes Everything Ive tried reading on the subject Wikipedia and two books dont explain it very clearly and Im wondering if someone could help Anyone,ELI Rhythmic modes in Medieval music,3
prettytowels,10,4,1r7zkg,3,,ELI If we had color film technology in  with Wizard of Oz why were films shot in  JFK still in black and white What took so long for color film to take over,7
chiwa,1,1,1r7z1g,2,I have seen this over and over again that Ill suddenly feel a zitlike bump on my face and then an hour or so later it will be gone and this isnt because Ive been bit by something just curious ,ELI Why does your skin sometimes randomly breakout and then an hour later that zitpimple type thing goes away,3
dpond,8,4,1r7ymc,5,,ELI If all drugs were legalized heroine marijuana cocaine etc what would happen to current inmates convicted of trafficking crimes,9
Pogrebnyak,6,4,1r7t3s,4,,ELI Why is it so harmful to get air in your blood,8
zardmin,0,3,1r7s7j,4,On the label of packaged foods they list the amount of protein fat sugar etc contained in the given food How do they get those figures Arent they extremely prone to change How do they account for nutrient loss over time for example ,ELI How do they assess the amount of nutrients in food,7
Kaleb,9,2,1r7k4v,4,I know Germanys economy was completely screwed when Hitler took over and that was often considered one of the biggest reasons he was elected  What exactly did he do to take Germany from a wheel barrel of money to buy a loaf of bread into the incredible thriving military power that existed less than a decade laterIm certainly note advocating what Hitler did AFTER he fixed the problems I just want to know HOW he fixed them so quickly and why we havent employed his tactics ourselves,ELI What exactly did Hitler do to pull Germany out of the depression they were in,6
Ethanlikehis,3,0,1r7ibu,3,What happens when youre exposed to radiation Like what does it do to you,ELI Radiation,3
Flynn,0,0,1r7fvw,3,Okay so I know that the two main file systems currently in use on Windows NTbased systems are FAT and NTFS Ive also heard of exFAT on GNULinux systems and ReFS in Windows Server What benefits do exFAT and ReFS have over NTFS which was Microsofts replacement for the ridiculously sagging FAT system which had a limit of  GiB for a single fileAlso when can I expect to see ReFS support for boot drives and general support in Windows for consumers,ELI Modern File Systems,3
NotSayingJustSaying,6,1,1r7coc,3,Im holding a trimmer or a leaf blower and I say This needs oil mixed to the gas right and then the other person says as though in doing so they are actually explaining something Yeah its a stroke engineThat gives me no greater understanding  But it does let me know that I need to mix oil in the gas  Which is fine I can follow simple rules whether I understand them or not  But Id like to know more,ELI the  stroke engine,4
adlaiking,2,1,1r6vvd,4,,ELI How does the car defroster work Why does turning it on often make the situation worse,5
ArmenJBX,0,2,1r6ubk,3,Saw this linkhttpwwwdemilkedcommacrosnowflakesdiycameraalexeykljatov with some pictures of snowflakes how does this even happenThanks ,ELIHow do snowflakes become so symmetrical and vary in so many different ways,5
IamKip,1,4,1r6rc3,4,I fill out a lot of these and I wonder if there is a way to get Chrome to fill them out automatically with the information saved,ELI How do I automate Google Chrome to automatically fill out online job applications,8
formerfatprincess,4,1,1r6psl,4,Seems redundant For example ella se parece como su madre means she looks like her mother but it seems like you could say the same thing without using se Please actually explain like Im five Im pretty derpy ,ELI Spanish speakers explain to me the usage of se as an object pronoun,5
iowethem,3,0,1r6ohf,4,,ELIIts snowing here finally so Im wonderinghow does antilock braking actually work How does the car know when its slipping,4
markstephenson,1,2,1r6l9k,3,Told this in geometry but was never explained why,ELI Why isnt it possible to construct an angle trisector,5
jongolem,7,0,1r6i3j,3,,ELI How do silencers silence bullets,3
awalkr,4,0,1r6h1x,4,,What is BPA and why should I be scared of it,4
duke,3,0,1r6b3l,3,It seems that things I used to think were healthy are no longer healthy and vice versa I consistently feel like whatever I chose to eat has something unhealthy about it For example Milk was healthy for me growing up Now it is unhealthy Whole grain breads used to be a healthy choice now bread is bad for you Can someone explain the constant shifts Thanks,ELI Why does the perceived health of certain foods seem to be constantly changing,3
kerry,5,0,1r69o1,3,,ELI Why do my muscles hurt more the nd day after I work out,3
radclew,2,1,1r63hh,3,I understand from the news that now Senate confirmations only require a simple majority rather than a supermajority to prevent filibustering How was this rule changed by a simple majority of the senate According to Wikipedia it takes a rds majority to change the rules of the senate httpenwikipediaorgwikiStandingRulesoftheUnitedStatesSenate Whats going on,ELI What exactly is the Senate nuclear option that passed today,4
Quickman,0,3,1r633y,3,The thing you feel that tickles your spine when you find something that touched you ,ELI What causes the warm fuzzies,6
nicksmith,2,1,1r5yqg,3,I was watching a documentary and they said we have only discovered  of life on earth How is it they know there is so much life that has not been discovered if we havent found it to prove its existence,ELI how people can predict there are  million species on earth if we have only found  million,4
merZ,1,1,1r5bs6,3,Im watching TV and dont really understand whats going on  Thanks,ELI What is happening in the US Senate today  with regards to the nuclear option,4
FromSc,5,2,1r56fw,2,,ELI Why does cell phones get worse with extensive use When they get old especially smartphones,4
ryartran,4,1,1r54tj,3,,ELI How does our brain interpret all the electrical impulses and translate them all into what we experience ie thoughts emotions senses etc,4
HipKnox,2,2,1r54dz,2,I know that Eli Existantialism has been done a couple of times before but I was wondering if people may also be able to provide a little ELI insight into its origins and Sartres role in all of it and some of Sartres viewsThanks,ELI Existentialism and Sartre,4
Deiviap,9,0,1r5470,3,I am Brazilian and immigrating to Canada and this has bothered me for a while,ELI In Canada what is the difference between Province and Territory,3
theWallflower,1,0,1r534r,4,In this video httpwwwyoutubecomwatchvoHNahLjxY all the guy does is rub the top of the can on concrete  This appears to create perforations in the seal which lets him pop it off by squeezing it  But he doesnt explain why or it works  He doesnt appear to be wearing it down to the nub  Is it friction,ELI What is the science behind Crazy Russian Hackers way to open cans without tools,4
dillon,8,0,1r52qk,3,,ELI Why do humans live much longer than most other mammals,3
zackthal,11,0,1r50xc,4,,ELI Why is the term Person of Color an acceptable term now while the term Colored Person is considered racist How does the swapping of position of the words change the content,4
daskenvasto,6,0,1r4zkk,4,,ELI What causes the can to become cold when using a compressed air canister to clean your keyboard,4
omenk,32,5,1r4z3e,1,Its always struck me as odd that many european countries dont hold bitter grudges against the germansaustrians for WWII ,ELI Why dont europeans hold grudges against the germans for WWII,6
AnneHathawaysdildo,4,1,1r4xz3,3,,ELI Why do old people have old voices,4
Emmatg,5,1,1r4qtc,4,,ELIWhy does it feel good to finally be sick after feeling nauseated,5
stefan,5,4,1r4gyy,4,Im not typing about chubby Joe but more of the morbidly obese cheese hogs those who need a scooter to travel around or cant even get up of their own bed How do they manage to get so fat,Why are some people very fat,8
gokudluffy,3,3,1r4g6t,3,,ELI How are researchers always discovering that psychedelic drugs could be beneficial to those with certain mental disorders when the drugs themselves are illegal,6
Codoro,2,0,1r4ewd,3,Like from the moment they think they want to up until they get their name on the ballot,ELI How does someone start running for a political office,3
rpridz,11,3,1r4ev0,3,Also why have the gold if you wont spend it Seems pointless to go into debt when you have money,ELI Why did the US allow themselves to get into so much debt despite the fact they have so much gold locked up in Fort Knox,6
gangoftanqueray,9,0,1r4cu7,4,,ELI What is the difference between the various forms of Buddhism Also what key points do they all share,4
whatisthedealnow,1,0,1r4cn6,3,,Why does eating spicy foods clear out my sinuses,3
SirSwagofYOLOland,2,0,1r4ch1,4,I was reading about fungiculture and ended up reading about psilocybe cubensis In many places including the US cultivation of this species is illegal as it is a Schedule I drug However New Mexicohttpwebarchiveorgwebhttpwwwfreenewmexicancomnewshtml is the only state to claim that personal cultivation is not technically the manufacture intended for illicit use gt Article IV Section Full faith and credit shall be given in each state to the public acts records and judicial proceedings of every other state And the Congress may by general laws prescribe the manner in which such acts records and proceedings shall be proved and the effect thereofSo why is it illegal to cultivate these mushrooms for personal use in the other states Is it up to the states which legal proceedings they follow,ELI The US Constitutions full faith and credit clause,4
Xyaron,5,0,1r4b66,3,,Whats going on when one of your nostrils is stuffed up and the other isnt And then how does it travel and switch sides,3
mrshosey,0,0,1r44tr,3,Example My husband was popping a zit really close to my lip It hurt a lot but I noticed not only did I fell the pain on my face but I felt some pain in my legs as well Why and how is that happening,ELIWhen I get hurt in one spot on my body whyhow can I feel it in another area of my body,3
jeffersonian,10,2,1r41mm,3,So maybe there isnt an explanation but sometimes I will lie down turn the lights off and go to sleepbut sometimes I  have to open my eyes because I see what looks like a flash of light that I assume to be a light going on in my room I have yet find the reason for this and didnt know if a Im going insane or b theres some science behind it,ELI why when I lie down to go to sleep do I occasionally see a flash of light,5
liveandletlive,3,0,1r40nz,3,If you wake up after being in a five year coma do will I feel rested if you are wake for an entire day after coming out of the coma does your body tell you its time to go back to bed ,ELIIf I wake after being in a coma years will I feel rested,3
tbawd,4,0,1r3xyi,4,,ELI Why am I more tired when I sleep in than when I only get a few hours sleep,4
Romango,10,1,1r3qw8,2,I live an hour away from him and he inherited the desktop from me when I upgraded to a MacBook in college I know its a slow computer and he only uses it to access his google mail in his own words It has come down to me telling him he should start saving up a couple hundred dollars to invest in a new computer soon but until that happens can someone explain why Windows XP has all these updates that need to be installed every time he goes to shut the computer down when hes done using itThanksNote I am fairly computer savvy but not an expert,ELI Why does my fathers computer an old HP desktop from  running Windows XP need to install  updates every time he shuts it down,3
robertp,11,1,1r3pbf,4,Lets say you have a remote and the batteries have recently died If you change flip around the batteries why does it work again for a little while longer,ELIWhy reversing batteries in a device makes the batteries last long,5
kywolf,8,0,1r3h37,3,Can someone ELI American Football for me I read some rules over the Internet I watch it sometimes on TV but I cannot get a simple grasp on the game How come the Receiver doesnt pass the ball when the Quarterback passes it to him What does the number number Huthut meanThose are just some of my questions I am quite interested to know the basic workarounds of the game Something like in Basketball where you could say that always dribble the ball you cant dribble the ball when you hold it with two hands after your first dribble pull up and get the ball in the hoop Or volleyball where you could just say just can only hit the ball three times then you should get it over the netRugby is much more prevalent here in New Zealand since its like the national sport here allblacksalltheway and I was so wrong for thinking that American football is just like Rugby except with armour and you pass forward,ELI American Football,3
azulmo,5,1,1r3gmd,3,,ELI What causes my green eyes to vary in color throughout the day,4
ethancandy,4,1,1r386f,3,,ELI How does Google Fiber work and why arent any other ISPs providing service like that,4
TheSilent,4,1,1r355w,3,Sometimes I see kids or teens at bowling alleys who suck at bowling They throw the balls  feet up in the air and land on the alleys How do they withstand this much force,ELI Why dont bowling alleys break,4
SonnytheFlame,5,0,1r34iw,3,,ELIFremasons Are they a secret organization or what,3
DrmFox,20,2,1r2xlf,4,So the basic problem is You are an observer standing at the side of a railroad track On the track a train is going  of the speed of light The train is approaching a tunnel The tunnels length is m and the length of the train is  meters According to the theory of relativity the observer will observe that the train seems to be m because of length contractionNow to my question Why doesnt the observer percieve that the train is fully inside the tunnel when it passes through Why does he percieve that the front of the train has passed through the tunnel before the back of the train enters the tunnel,ELI A question regarding Einsteins theory of relativity a train and a tunnel,6
Roundedlevel,4,0,1r2wld,3,On a motorbike if you drove at the speed and direction of wind would you feelhear any air passing byOr like if you had a mustache would the mustache be sitting totally still on your face due to no wind making it flutter,ELI On a motorbike if you drove at the speed and direction of wind would you feelhear any air passing by,3
ImNewToThisPlace,2,0,1r2wkg,4,,On the raid to kill Osama Bin Laden why did the US use two stealthed helicopters and also huge loud chinooks,4
AboutTacos,5,1,1r2qv7,3,Ive thought about Google fiber but why hasnt it gone global yet,ELI If service providers are so terrible why hasnt Google completely purchased or created a global internet service yet,4
ctrippy,6,2,1r2kil,3,How come movies will do anything to block a nipple but dont care about butts,Why arent butts censored in movies when breasts are,5
AlfredsDad,18,1,1r2j7y,3,How does this practice impact the borrower,ELI Why do banks sell mortgages to other lending businesses,4
kingington,2,3,1r2d6h,3,Further how do deaf people learn to speak coherent sentences,ELI How does someone who is blind andor deaf learn what words mean,6
EndText,7,6,1r23zd,1,ie Do they both serve the same purpose Should I use both at the same time Are there benefits for one over the otherAny info you can provide is much appreciated I tried posting in rnetsec but the post never showed up for some reason,ELI How does tor differ from a VPN,7
troygeee,2,0,1r1yg1,4,,ELI Why is Spain seeing deflation,4
pringlespacino,0,1,1r1tgu,4,why do i feel the urge to cough even though it is not a productive cough what does dry cough even mean ,ELIcoughing,5
luckEguy,4,2,1r1sx0,3,If someone you know but have no other social connections with dies at a healthy young age on the other side of the country how do you find out how it happened Is there a place you call Or some kind of website that gives cause of death ,ELI How do you find out how someone died via the internet,5
pobautista,1,0,1r1ppu,3,,ELI How is it determined how many vitamins and minerals are in an item of food Are they sure the nutrients didnt disappear during cooking or processing or delivery,3
Enchast,15,0,1r1njk,4,They have to pay for the actortress spend time on the scene cutting filming and so on How do they profit from it if its free to watch on Redtube for an example,ELI How does one make money off making porn videos if theyre freely accessible,4
lolnicetrypaul,3,0,1r1n28,3,I remember a time when Myspace was big while Facebook was just coming up a time when Yahoo and Google would be mentioned in the same sentence often enough Yet now in hindsight Google and Facebook clearly won out while YahooMyspace were to most either forgotten or relegated to uses secondary to their initial offeringSo my question is What did Google do right that Yahoo didnt do or did wrong What key decisions let Facebook transcend the network effecthttpenwikipediaorgwikiNetworkeffect to eventually outpace Myspace In short what key factors played a role in determining the outcome of these competitionsIt cant just be that they were the new thing or else wed see the same effects with G and basically any next big social website out there that got some views What exactly set apartdetermined which of a pack of sites is the last one standing I know Myspace and Yahoo are technically still around but theyre basically nonexistent now,ELI What set apart Google from Yahoo Facebook from Myspace etc such that one failed where the other succeeded,3
IamJC,2,0,1r1ikf,3,Thank you for your explanation,Does sound travel farther above or under water And which is louder WHY,3
sourlemon,3,0,1r1ij5,4,,ELI How do we get pictures of North Korea if North Koreans are forbidden from the internet,4
HatsAreGreat,7,0,1r1gnr,3,I cant really find an answer I understand for this I eat around  calories a day Im already pretty small and I just started dieting but ive been told I should eat less than that Should I eat around  calories or stay with  If I exercise and burn  calories should I eat more to replace them I know the common answer is no but people have said you should if you eat that little Edit For reference Im  and female,ELI Do you need a minimum of  calories a day If you eat that what if you exercise,3
lookmanohands,6,0,1r1en7,3,I know a species is defined as being able to reproduce successfully so why is a Labrador a species and Siamese isnt Then branching out from there what info would be used to sort them into genus class order etc  ,ELI What factors decide which animal falls into what species genus phylum etc Explained inside,3
floomnyoo,14,7,1r1d1m,3,,ELIWhy is it that a pornstar will have no problem doing a scene where she has sex with  guys for  dollars yet will angrily turn down an offer from a fan of  dollars for a night of sex in a fancy hotel room off camera,10
nsctank,8,1,1r16sx,3,,ELI Why dont planes fly straight to their destination on a map,4
Navy,2,1,1r154g,2,Theyre all linked but I dont understand how they work with each other definitions I find are all stanford level to a point where I cant fathom them,ELI What is the relationship between Ontology Methodology and Epistemology,3
aboutyourusername,1,0,1r14nj,3,Can you break it down into numbers ,How does nike profit from Tiger Woods while still paying him so much,3
GodzillaSuit,1,0,1r10hn,3,I understand the basic idea of what electrical impedance is but I dont understand what it does in audio equipment Is more or less impedance better and why,ELI How does impedance affect audio systems,3
ChaosX,2,2,1r0yzl,5,I tried to look it up but Im still confused ,ELI Turtles all the way down,7
Michaelspanx,1,0,1r0x7k,3,You really cant find a PS or Xbox one anywhere unless you preordered months in advanceNow there are obviously people that still want the systems but cant get them because they are sold outWhy wouldnt Sony and Microsoft make more consoles available to accommodate the mass demand for themThe way I see it people still want to buy the consoles but they cant due to lack of availability therefore Sony and Microsoft are losing  a ton of potential money,ELI How can you tell which new console had better sales if they are all basically sold out prior to the release date,3
BloodSync,3,2,1r0vs8,3,,ELI Why is that you remember nothing from your early youth,5
PumpkinFeet,3,0,1r0u7c,3,I understand some traders are required in order to make the markets efficient  But on average they should make zero profit which equals a loss to their employer after costs are factored in So Im back at the start why do they exist ,ELI if financial markets are efficient how can trading exist as a profession,3
pewpewpostit,7,2,1r0hbg,3,,ELI How come all the satellites around the earth dont collide,5
hiaox,10,5,1qzls5,2,Im writing a report for my class and its hard for me to really simplify the topic for an audience that doesnt know anything about computers  Im not going to steal anything anyone says I was actually told this is a credible source if considered a survey question  ,ELI What is a CPU and what does it really do,7
FoInTheLiter,17,10,1qzl4l,1,Does stored memory have weight If so is it constant like GB always weighs on earth,ELIDoes the weight of a flash drive change with a change in the amount of information stored on it,11
drunkenwanderer,1,1,1qzkea,4,,ELI What are the good and bad parts of the TPP and why is everyone so outraged,5
lpg,10,2,1qzk0q,3,,ELI Why are diesels more efficient than gasoline engines,5
Tsilhqotin,4,1,1qzjtn,3,Ive always wondered this I look at something  lets say a leaf  but Im actually looking or concentrating on something else  like a rock beside the leaf  without actually looking at it Buuh,ELI What is happening when Im staring at something but actually concentrating on something else near by,4
omnilogical,12,4,1qzi3n,2,I know how to read music and have played piano trumpet and guitar in the past but Ive never really learned any music theory  I just play the notes I read,ELI Music Theory and how chords are constructedused in different keys,6
EpicRisc,8,2,1qz81v,3,Wouldnt it be possible to let the graphic card do all the work CPUs do now and way more cause of its much better performance ,ELI Why do we still use CPUs if graphic cards are so much faster ,5
UseHerName,9,9,1qz778,3,I woke up with a song playing in my head that I dont like at all Cant get it out why not,ELI Why do we get songs that we DONT like stuck in our head,12
archinold,8,2,1qz4oq,3,Its been around for so long and I use one to heat my coffee which my wife says is unhealthy Go on reddit learn me properly,ELI microwave technology,5
pavanto,7,3,1qz0to,1,I mean why someone who is dead can never be resurrected There might be few rare examples of near death experiences or supernatural phenomenon but in general its not possible Why  ,ELI Why death is irreversible,4
belichickpressconf,2,0,1qz0as,3,Report httpwwwreuterscomarticleusdeairsidUSBREAZ  Though the report cites multiple instances of consternation among the legal community it even brought into question the legitimacy of numerous criminal prosecutions I have not heard of any appeals filed in response to the emergence of new evidence There are many people currently imprisoned who have been deprived of proper judicial review of the nature of the investigations leading to their arrests Defense Attorneys should step forward to remedy this abridgment of justice by contacting those currently imprisoned and offering to appeal their conviction probono an attorney could help the courts to address some of the secret behavior of the Federal Government and the action could lead to an unprecedented interpretation of the th Amendment Why isnt this happening,ELI Have criminal defense attorneys filed appeals in the wake of Reuters findings that DEA obfuscated details concerning evidence used to originate investigations,3
bomtek,1,0,1qym2l,3,I dont understand how Baylor can be  points behind Ohio State and why one conference is considered to be better than the rest,ELI How do the BCS standings work and why is one conference SEC the standard for college football,3
usaername,3,2,1qyj4m,2,Cows seem super sufficient at birth why arent humans or other mammals Some mammals dont even need much help after birth Humans would be dead without their parents ,ELIWhy are some mammals more self sufficient at birth than others,4
chocolatemilk,0,0,1qyivm,3,,ELI Why is it easier to fall asleep after a hot bath,3
gocubsgo,3,0,1qyink,3,,ELI What is the difference between xs in software identification For example iOS  XXX,3
cowscowscowscowscows,4,3,1qygxf,2,Doesnt it make more sense to just go by multiples of lbs and have a lb plate for people who need it What Im trying to ask is why are the plates what they are now        and  seem to be common for most gyms Any explanation would be greatly appreciated Ive work out on a consistent  day a week basis for three years and its been boggling my mind for a while now ,ELIWhy are weights at gyms measured in weird increments,5
Nmerkl,2,1,1qye58,3,,ELI Why do our noses get stuffy when cryget sad,4
momaoctagon,4,0,1qyd8b,3,In all reality I need to explain this to my five year old and havent been able to find a suitable answer,ELI why some dog breeds get their tails lobbed off,3
ummja,2,2,1qy64i,3,Title ,ELI Why is it easy to rip one paper but difficult when they are stacked upon each other,5
mangostars,6,1,1qxyip,3,Hi Im doing a paper on the Northern Gateway pipeline project and how it can be economically beneficially for the people of British ColumbiaI came across an article that states Labour income generated by the construction phase of the project would be approximately  billion in BCWhen googling the definition I only found one from MerriamWebster and it wasnt very helpfulhttpwwwmerriamwebstercomdictionarylaborincomethe annual income of a farmer after business expenses and an interest charge for capital invested are subtracted ltto compare labor income with city salaries the value of house rent and the products used must be added  HEBotsford,ELI What is labour income,4
WannabeGoku,7,0,1qxxmc,3,From my understanding you just put your files on their servers Whats so good about this If you want to retrieve the file you still would have to download it before you could use it rightWhats the difference between something like Dropbox and me buying a server and putting files on there  ,ELI Can somebody explain the cloud services such as Dropbox,3
Erog,3,2,1qxjzp,3,,ELI what is the difference between an MMS and an SMS,5
JackTheGreat,4,1,1qxizv,5,,ELIWhat does Thomas Malthus believe in regards to population control and what did he think the most effective policy,6
Quivis,4,2,1qwsvx,3,Last names like Smith for example Since last names arent newly created today why are some more dominant,ELI  Why are some last names WAY more common than others,5
Chaosdart,8,0,1qwqk8,3,,ELIHow is it legal for traffic tickets to be Guilty until proven innocent,3
dogpeniss,2,1,1qwopb,3,Basically what is it about someone knocking on your door or ringing your doorbell that makes a dog go crazy Is it because of something to do with the sound or what ,ELI Why is it that most of dogs bark when someone is knocking at the door,4
bwhitso,1,2,1qwian,2,,ELI Why do children and puppies seem to have so much more energy than their adult counterparts,4
bigdaddymatty,5,2,1qwgt8,3,Why isnt the water just still ,ELI why do oceans or other bodies of water have waves that crash on the shore,5
bbrain,5,1,1qwg2n,3,David Cameron recently announced a crackdown on child pornography and images of rape simulated or not He said there would be a national database of illegal images each with a label That sounds like a huge task to me given the sheer number of such images Is it really feasible ,ELI How is it possible to label every illegal image in a national database,4
deeznuts,10,1,1qwe4f,3,,ELI Why do cheap shirts wrinkle more than expensive shirts,4
bashfuldonkey,3,3,1qwbfy,2,,ELI what exactly do PWC KPMG Deloitte Ernst amp Young etc actually do,5
Zalack,5,5,1qvxta,1,As opposed to giving transport to the AirForce when required Does this ever result in problems when two separate chains of command are operating in the same airspace,Why does the US Navy have its own incredibly expansive Air Force when there is a separate US Air Force,6
msood,1,0,1qvwup,3,Pretty selfexplanatory title but if water boils and then evaporates at  degrees how can water evaporate at a lower temperature otherwise,ELI How does water sitting at room temperature or colder evaporate,3
PiJiNWiNg,3,2,1qvtei,4,Basically Im asking how humidity existsAt regular room temperature wouldnt water be in liquid form And if it is how does its molecular weight not just force it to the ground,Why doesnt water vapor in our air turn to liquid,6
SlartiBartRelative,6,0,1qvt2i,3,Sure I spray it on my armpits daily and it prevents me from smelling bad But what does it actually do Does it clog the pores that ooze out bad smell How does it work,ELI What does deodorant do exactly,3
idash,5,0,1qvsrx,3,Im just baffled since now Mexicos gained no pun intended the title of the fattest country in the world with the obesity rate of  when theres countries like Nauru with an obesity rate of over So I guess my question is WHY theyd rather show massive and  well  wellknown countries at the top of the list,ELI How do they determine The Fattest Country in the World,3
yaaaaaaaaaaaaarh,4,2,1qvjwg,3,Its raining cats and dogs where I live at the moment and I thought to myself how loud the rain was Then I thought all the sounds associated with rain has been made from the droplets hitting surfaces around us or of dripping etc So what does rain actually sound like if it didnt have any surface to hitSay we could be launched into the sky as some sort of ghost so that the water wouldnt bounce off our own bodies what would we be hearing,ELI If the sound of rain we hear is of it hitting surfaces what does rain sound like high up in the sky,5
cashreqister,1,0,1qveih,3,,ELI What is Transcendentalism,3
GoodnightFairLady,3,0,1qvbj8,3,I understand that alimony originally existed to support women who were expected to stay at home throughout their marriage and never gained any applicable job skills But women have a choice in whether or not they want to work now so how is a system like alimony even legal these days,ELI Why does alimony still exist,3
Lydia,2,1,1qv8sb,3,,ELI Why does my armleg whatever extremity feel like its vibratingtingly when its asleep,4
Naagloshii,3,0,1qv6a8,3,I see doctors giving patients oxytocin on medical shows and I know adrenaline shots are a thing Where do they get these from Are they extracted out of people Made using conventional chemicals,ELI Where do doctors get extra biological chemicalshormones oxytocin adrenaline etc from,3
forgreatness,3,2,1qv3c3,3,,ELI How would an electric supersonic plane work Elon Musk has said its something that can be done but how would it go supersonic by being electric,5
kgtjunkie,1,2,1qv32v,5,,ELI Why do we like to pet animals,7
GabiIsRight,0,0,1qv2wl,3,,ELI What is Big Data,3
mpwilliamson,3,0,1qv2cf,3,Ive always wanted a better understanding but a lot of what Ive read through was a little over my head  I get the theory but I want the facts,ELI computer processors and ram and how they lead to high performance,3
WellButterMyBottom,2,0,1quzzs,3,Specifically the rotors and the rotor rings,ELIHow does the German Enigma Device from WW work,3
Puppypunting,4,1,1quyox,3,Or are they the same ,ELI What is the difference between antimatter and dark matter,4
acken,9,0,1qux92,3,Particularly law school,ELIWhy is being a lawyer drastically different from other professions,3
shouldhavesetanemail,7,3,1quujz,4,,ELI What is the water doing when it is not being used by the faucet shower etc,7
zisslefish,3,2,1qutkf,3,What crazy witchcraft is at play here Im confident this isnt just a thing I am imagining as other people seem to be aware of this I suspect it also relates to why some drinks are served the way they are,ELI Why do drinks taste different depending on the container,5
kodefist,5,1,1qut48,3,Theres close to infinite words in the world but why are our surnames so limited Where did these names come from,Out of all the words in the world why did we end up with limited surnames,4
ScaldingHotSoup,6,5,1qut36,3,,ELI Why dont we get snow fronts with the same intensity that we get rain fronts like the one that hit the midwest today,8
mpwilliamson,6,4,1quj22,1,Who was the first culture to mention dragons and just the evolutionary tale of how dragons started out and came to be what they are today Thanks,ELI What is the origin of dragons,5
bhanel,4,5,1qu9zg,4,How is taking a picture of a check the equivalent of depositing it via a teller or ATM They are unable to physically examine the check what if its fake or the picture quality is poor Does it take longer to process than physically depositing it,How does depositing a check with a picture work,9
toastedstapler,2,1,1qu9ct,3,Why do we write a different a differently as to how you see them online or in printed text Whats the point in the difference,ELI Different letter shapes,4
REGItheblingkoala,5,3,1qu7yx,5,,ELI Why is it that that the total time of an Audiobook even though spoken in a medium pace seems so much less than the time it actually took to read the book Is this a mental presumption or is the audiobook actually shortened somehow,8
DavidPuddy,19,4,1qttx6,4,How come when I search for a song on youtube on my computer I get all kinds of studio versions and high quality audio but when I search the exact same search terms on my phone I get mostly live performances and covers most of which with shitty audio,ELIWhy does youtube on my phone only have shitty live versions and covers,8
exili,4,2,1qtmka,2,,ELIHow does shazam work,4
EBDoo,3,4,1qtlj3,3,Ive heard this myth all my life but Ive just recently noticed that its somewhat true,ELI Why does the color black on clothes create a slimming effect,7
piza,8,0,1qtixj,3,,ELIwhy lifting someone against its will seems way heavier than someone of the same weight who passively let you do it,3
LevelNineNasty,3,2,1qth3o,2,It seems logical that you would need I eat more to replace the energy that is being lost fighting the coldEThanks guys for helping to clear that up ,ELI Why is it when I get sick I no longer feel the need to eat,4
GreatHIdeas,9,0,1qtee7,3,Basically Im wondering if you jumped at the perfect time when something is right before impact would the impact then just feel like a regualr jump or is that just something for action movies Ive never been good with science thats why I went into business,ELI If you jumped in the air at the perfect time right before impact could you survive a train falling into water that went off the rails,3
kingdomheart,27,6,1qt8k9,3,,ELI What is anarchy,9
calumbrash,5,1,1qt85g,3,,ELI Why do we sometimes get goosebumps even when we arent cold,4
courseyoudo,7,2,1qt6ou,3,I just noticed a lot of lasers and they often feel like theyre shining right in my eye Were always warned to not point lasers at peoples eyes for fear of injury or why isnt this an issue with dance lights,If laser light can blind you how come no one ever has their eyes injured in dance clubs,5
fattyBoombalattie,5,0,1qt5db,3,What would your body go through,ELI what would happen to your body if it were suddenly released deep in the Mariana trench,3
ConflictingDuality,3,0,1qsweh,3,In other words ELI in steps how an electric current is translated into a reddit page on a laptop  ie the electric current is on or off which means this gt the current triggers that gt programmers do this thing with code gt  gt reddit Thank you,ELI How a reddit page is displayed on my laptop from a simple on or off electric current,3
IrishLion,12,1,1qswdx,3,I understand its placement on the number line but as far as the implications in multiplication and division whats up with that Why is this concept so important and so difficult to grasp,ELI Why is the concept of the number Zero and its properties such a big deal,4
khn,3,0,1qsrq6,3,httpwwwmercurynewscomcrimecourtscijuryfindsgirlsparentsliablecallingteacherpervReading this article I was wondering how the Jury awarded the teacher  in compensatory damages How does the Jury award a specific monetary value to this,ELI How do juries give a money value for Emotional Damages,3
hmfic,2,3,1qsq1c,3,,ELI What exactly is a memory and how do we remember things from years and years ago,6
Shaboops,4,1,1qsnzy,3,Wouldnt it just be better to just breath Ive always wondered and when Im working out it feels pretty involuntary Is there an explanation for why this happens,ELI Why do we hold our breaths when you we exert increased physical force,4
gzuss,7,3,1qsnw9,2,How come  men didnt gang up on Julius Caesar during a battle for example Or get hit with a random arrow I would have thought that being a great fighter even if he was skilled in battle it wouldnt count for much when theres thousands of people in the fight that could come from all angles,ELIHow did great warriors and leaders in history survive battles all the time,5
amichail,5,1,1qsmvm,3,,ELI How do top chess players look so many moves ahead,4
ShlodoDobbins,3,3,1qslqg,3,I understand why at night a room can be dark or pitch black but why during the daytime can I see this black computer and these black chairs and my black phone and black shoesIf there is light coming from these sources how is it black,ELI If black is the absence of light why are black objects that reflect light still black,6
Symbotic,9,4,1qsjkr,2,i was just wondering what exactly is the reason for the new xbox or PS to not be able to handle games from older generations of the same company is there any technical reason behind thatthanks in advance ,ELI Why do games from older generations of gaming consoles not work on the newer ones,6
Hamzaboy,6,2,1qsioi,3,,ELIWhat is the difference between Rap metal and Nu Metal,5
Exordium,1,1,1qseye,3,Ive not heard too much about this but Ive just seen the movie Machine Gun Preacher What is the conflict looking like now,ELI The LRA and the Sudanese War,4
goescoloured,2,2,1qsd3n,4,What has Toronto mayor Rob Ford been accused of doing What has he admitted to Are these things a reason to ask for his resignation and finally why hasnt he resigned ,ELI From crack to current what is the story behind Toronto mayor Rob Ford,6
Chickenwang,6,1,1qsawg,3,Whenever I stay awake late I get tired and everything that usually would be stupid is hilarious Im really curious why,Why do things seem funnier as you get more tired,4
likesrustyspoons,5,0,1qs5xk,3,,ELI The concept of Black Friday,3
Pointedurethrafeet,11,3,1qrzy6,2,,ELIwhy do farts smell so much worse in the shower,5
Chronicondition,2,0,1qrypp,3,,ELIWhy are some people ticklish while others are not,3
LogicHackzor,4,0,1qrxfx,3,First off let me say of course it was fucked up and atrocious what he did no question But I have also heard that Hitler was a great politician leader and pulled Germany out of its insane depression What was his plan for Europe and Germany politically and economically I am just curious because his system seemed to really pull Germany  out of the dirt Im not saying I support Hitler I am just wondering,ELI What did Hitler and the Nazi party want for Europe and Germany politically,3
IniproMontoya,10,3,1qrpxm,3,Id imagine it has something to do with availability,ELI Why do we drink cows milk instead of human milk,6
alwaysad,3,0,1qrp4a,3,,ELI What is a voxel and how is it different from a pixel,3
baddev,8,2,1qrmf2,2,Ive heard its to help them stop urinating in their sleep but can anyone clarify this,Why do men get erections in their sleep,4
stars,2,2,1qrlxo,3,,ELI How come some YouTube videos are not able to be viewed on a mobile device,5
pathoseater,2,3,1qrlc8,2,,ELIWhy is Saltwater filtration so expensive,5
OvidPerl,10,1,1qrio5,5,Im aware of how Republicans and Democrats have successfully locked out third parties running under their own name but why havent they tried harder to hijack the current process,ELI If Libertarians run as Republicans in the US why arent more Socialists Greens and others openly running as Democrats,6
jdmarino,5,2,1qrfmm,3,I work in lower ManhattanhttpwwwdailymailcouknewsarticleManhattansoriginalcoastlinerevealedHurricaneSandyfloodedlandreclaimedyearshtml much of which is built on landfill  How can you build big buildings on top of this,ELI How can it be safe to build large officeapartment buildings on top of landfill,5
renegadewarrior,7,2,1qqthq,4,,ELIWhat caused The Simpsons to be such a popular show and why are people so disappointed with it currently,6
Chronoblivion,12,1,1qqr19,3,As I understand it PS and PS discs are based on DVD and Bluray technology both of which the PS is capable of playing Could a firmware update or download enable the PS to play older games or is there a hardware limitation that prevents it,ELI Hypothetically could a download make the PS backwards compatible,4
sdizzle,34,2,1qqq2g,4,,ELI Why do places like America have accents in different regions of the country when given a place like Australia there ie seemingly no different accents between regions,6
yokiatsu,2,3,1qqmsh,3,I can understand it blocking out distractions but even when the alternative is silence I concentrate better with noise Why,ELI Why does white noisebackground noisemusic allow for better concentration on a task as opposed to silence,6
faggot,4,1,1qqazu,4,,Explain left and right handednessWTF is going on How are we programmed like this We all do weird random things with the other hand too,5
thurst,5,4,1qqany,2,,My country just got a  bill today ELI why this happens,6
laponic,5,2,1qq8vu,3,I need help on linking things in reddit while having its own title as in linking things like ah the ol reddit switcheroo,ELI Reddit formatting help needed,5
farker,10,0,1qq8j7,3,I write throw balls use rackets tennis and punch right handed I eat bat use sticks Hockey and such left handed I feel stronger with my right arm but my left arm looks bigger in the mirror As well Im in construction and can do many things either way I frequently change arms when painting drywall taping and many other things,ELI Am I left or right handed,3
peterch,2,0,1qq6fw,3,Pertaining specifically to Nestles price fixing of chocolate in ,ELI price fixing,3
Ortmeyer,1,0,1qq661,3,I know it means that they didnt optimize it but what does that entail,ELIBad pc ports,3
blonktime,1,1,1qq5mz,3, ,ELI What is a quantum statequantum computer,4
DrossSA,5,1,1qq5bo,3,,ELI Howwhy are arbitration agreements which forbid the involvement of or appeal to the judicial system in disputes legal,4
TheDIsNecessary,3,1,1r90w1,1,Here in Norway my braces was priced at   dollars but my health insurance covers like   of it ,ELI Why are braces so expensive,2
southernbelle,2,3,1r8zq9,1,Do I need to be worried about having health insurance by JanuaryIm  and I dont know whats going on after I tried the website and failed multiple times to get my application through,ELI Healthcaregovwhats going on,4
asagofuckyourself,2,0,1r8uwc,2,Caption bot Cation bot the girls that ask for my credit card info while Im yerkin it Any of em They all confuse me,ELI how do bots work,2
gvkayak,9,2,1r8uve,1,I havent seen it yet and i want to see if its good I dont care about spoilers,ELI What is the plot of the lord of the rings trilogy,3
raddsam,2,1,1r8uex,1,,ELI why do youtube links usually have youtube instead of just youtube,2
StyxFish,1,0,1r8tm9,2,,ELI Why are bugs attracted to light,2
tyw,2,1,1r8sme,1,,ELI How does caption bot work,2
muerteconqueso,3,0,1r8slo,3,I mean with traffic lights crosswalks and round abouts have we really reached maximum efficiency for vehicles Or would an overhaul just be too much money etc to change,ELI How is that we have yet to come up with a more efficient system of handling traffic Is our system really as good as it can be,3
izoomie,3,0,1r8rxm,2,Cars have multiple gears to get more speed out of a smaller engine and for better fuel economy Why are boat engines designed to run at such high rpm just to get the speed Shouldnt they have at least two gears to get the rpms down a bit,Why dont boats only have one gear,2
JackieTreehorn,2,0,1r8ru1,2,From my limited understanding of this subject Ive gathered that it is an initiative to standardize Math and English curricula from K across the US However it seems that there is a lot of backlash to it and the debate over it is becoming very politicized If it involved science I could understand pushback due to religious preferences but Math and English Whats the issue here,ELI Common Core State Standards Initiative what is it and why is it so controversial,2
kuke,1,1,1r8pgc,1,,Why does cutting onions make one cry,2
benxxrd,5,2,1r8o71,2,Please I dont want an ideology war in the comments I just want a simple explanation Thanks,ELi Whats the difference between Capitalism and Communism,4
aschesklave,1,1,1r8o6j,3,,ELI Keynesian economics,4
electrobutter,4,0,1r8n78,2,Or in other words how do you teach a computer to compute,ELI how do you program a calculator,2
sassinator,3,0,1r8n77,2,I am really confused about this University of Redditland has discovered a new way of curing this that and thisShouldnt the students be learning and stuff,ELI How do universities make scientific discoveries Shouldnt students be learning,2
RoiTueur,1,0,1r8mpx,2,I am watching The Grey and Liam says something along the lines of a wolf that they killed being an omega that the pack sent in to test their strength Thanks,ELIWill someone please explain the whole class order of wolves Concerning alpha and omega,2
auaisito,4,0,1r8mgi,2,,The difference between Dolby and DTS,2
Hexofin,2,1,1r8mal,1,Same thing with  instead of ,ELI whats the point of having  over  frames per second Why does it matter,2
twilightsun,4,0,1r8ltv,2,My political action groups are exploding with announcements about filibuster reform but no one actually takes the time to explain what the Reid Rule means in practical terms What changed,ELI What does the Reid Rule passed Nov  actually change about the Congressional filibuster,2
PokEamon,4,0,1r8lk9,2,To me this seems as bad as charging differing rates on the basis of racesexual orientationphysical disabilityetc Why are these two factors allowed to be taken into account ,ELI Why can car insurance companies charge different rates on the basis of gender and age and not be seen as agist or sexist,2
henkw,1,0,1r8ksn,2,Today in the news NSA taps phones in The Netherlands since  I cant believe the local phonecompany is willfulling providing them access So how can NSA tap phones in another countries without the local company knowing  ,ELI How can the NSA tap phones in other countries,2
Mypopsecrets,10,2,1r8jzq,1,,ELI How is a job listing a requirement of presentable Females only not subject to workplace discrimination,3
AllHailHeisenberg,3,0,1r8jug,2,EDIT I never knew they get a slice of whatever the covering artists make Thanks,ELI How are singers allowed to earn money on songs they cover from other singers Like Adele on Bob Dylans song Make You Feel My Love and numerous others Isnt that copyright,2
AverageGuy,6,3,1r8j4i,2,Edit Thanks for pointing this out I meant international flights ,ELI I never see flight attendants older than lets say  Do they get fired What do they do next,5
secretlyatomato,9,3,1r8iy8,2,,How can it be that games like ryse can be rendered in realtime yet movie VFX can take hours to days,5
concernedmillenial,13,3,1r8ibb,2,I saw one of David Blaines recent tricks on YouTube where he puts an ice pick through his hand httpwwwyoutubecomwatchvAmjQMtNuZpQ and I know hes done even crazier stunts such as encasing himself in a huge block of ice Is Blaine really straining himself physically or is this all part of the illusion,ELI How does illusionist David Blaine do his stuntstricks,5
mexicans,11,3,1r8hfk,1,Does it have something to do with the substantial difference in environmental pressure between earth and free space  If it was possible to create a blast wave massive enough to slightly redirect the estimated inertia of the asteroid wouldnt it be unlikely that any part of the asteroid or cluster would be immune from the redirection,ELI Why humankind cant deflect an incoming asteroid by detonating a HighOrder explosive in space that is calculated proximity angle size to direct the perfect directiondeflecting blast wave into it,4
cfstout,6,1,1r8fve,1,It seems like the repeal of the filibuster process was carried out due to difficulty confirming presidential nominations Certainly it will make this process easier but in what other situations have filibusters been used recently and how will they affect the future way that congress operates Will we likely see any real change in US politics whether that be good or bad What are the pros and cons of this rule change,ELI What effect will change in filibuster rules have on how congress operates,2
metathetic,4,1,1r8fua,1,I know credit card companies take a small percentage of each transaction Google says  it seems so why dont they make more moneyWalmart had B in revenue last year I know that a bunch of that is going to be cash personal checks etc but the majority I assume is paid in credit Lets say  so B Split between the major credit card companies lets assume that Visa takes  of all credit card transactions so B Taking a  cut of that is BGranted Walmart is probably one of the bigger pieces in the pie but I would imagine Visa should be bringing in hundreds of billions of dollars So why did Visa only bring in B in revenue last year,ELI Why arent credit card companies the richest in the world,2
BananaPeelSlippers,3,1,1r8edg,1,,What will be the ramification of the Senate Filibuster rule,2
AllEyesOnDevin,4,2,1r8e53,1,,ELI How does the United States get away with so much debt,3
illusin,4,7,1r8ciu,1,I live near where the recent tornado tore through in Central Illinois and I keep hearing reports of debris being found up near Chicago Just wondering how exactly does this happen Ive heard some misc paper items being found pictures documents etc and also more heavy objects like rings being foundDoes it just take forever to float down Understandable for paper items I guess but rings I cant imagine a tornado is so powerful to be able to throw an object that far Maybe the wind carries it Im unsure,ELI How Does Debris From a Tornado Always End Up Hundres of Miles Away,8
thedreaminggoose,3,3,1r850t,3,I hear quite around in todays culture that something relatively small at unprecedented speeds can annihilate the earthCan someone explain the speedmass of such an object and the result like dust in air that would lead to destruction of the earth Thanks,ELI at what speed and mass does something need to hit the earth in order to destroy it and what would lead to the destruction,6
throwawaay,4,2,1r81lw,1,URL or Text Here,ELI Why do dogs bark when they sense an earthquake coming,3
deadacoustics,2,1,1r80cd,1,Honestly what difference does a couple of inches make,ELI Why do I need to put my seat in the upright position before takeoff or landing,2
ManoNorth,5,1,1r7zqc,1,As title,ELI MilSpec Matchgrade Factoryspec on weapons and their accessories what do they mean exactly,2
obligatedarchitect,7,3,1r7znu,1,,ELI What are the potential economic political and legal implications of Australia or any Commonwealth country becoming an independent Republic,4
eagletears,3,2,1r7ymv,2,here is a Wikipedia link to the issue httpenwikipediaorgwikiHaltingproblemI have an extensive background in technology I am an infrastructure technicianengineer but I am having trouble wrapping my head around this programming paradox Can someone put this into simpler terms for me,ELI the halting problem computer science,4
bliinkAU,6,0,1r7xis,3,,ELI Why when I view a moviegame do I think The graphicsspecial effects cant ever look better than this this looks like real life yet when I watch the same scene a year later it looks super fake,3
toonietuesday,14,1,1r7x2n,3,I just dont get it so I send a message from here to there at double the speed of light whats the paradox,Why does fasterthanlighttravel result in paradoxes or causality violations,4
FloridA,2,0,1r7wvn,2,For example Verizon charges mo for MB of data Comcast charges the same mo for GB Not only is this x more data for the same price but its also much faster I know that the methods for delivery are different but why such huge differences in pricing Also what is the method for pricing data in general,ELI CSP vs ISP Pricing also Data in general,2
jackmiller,10,4,1r7vy3,2,Specifically with Obamacare and what happened during the government shut down,ELI What is really going on with the American government currently,6
lwats,8,0,1r7vbl,3,Evidently they are heavier but is there anything special about them that helps then contain the fire to an area Any stats on whether theyre successful in containing fires,ELI Fire doors What makes them different to normal doors and do they actually work,3
lazarus,23,5,1r7v8y,2,I mean no disrespect to the dead especially on this day Im just illinformed on why JFK has such a high approval rating and is highly revered in the US All of the history Ive seenread from his term I admit this history is only from high school and university history classes and a couple of presidential history books doesnt really leave a lot of room for high regardGranted he was certainly a charismatic leader but he was also responsible for the failure that was the Bay of Pigs Invasion and its no secret he was a womanizer I guess its the same reason I dont know why some women worship Marilyn Monroe who was certainly not someone I would want my female friendsdaughter to look up to JFK just does not seem like an outstanding figure in history though he seemed a great speakerCan any history buffs inform me a bit and help me get rid of this ignorance on what Kennedy did to earn such a high level of praise from Americans Thanks and I look forward to the discussion,ELI Why is President Kennedy so Highly Regarded Among American Presidents,7
fabledsoe,5,2,1r7upd,3,,ELI Why did the Union allow state rights to continue after the Civil War,5
ryanbtw,7,3,1r7tjs,1,,ELI Why does CGI cost so much money,4
BallsMahony,4,1,1r7t3n,3,Example Beef from redpink to greyChicken from pink to white,ELI Why does meat change color when it is cooked,4
xadz,8,4,1r7sbo,1,Theres the odd poster about it up here in NHS facilities in the UK Ive seen some news reports saying its going to be a worldwide health crisis why is more not being done to curb their usage or is it really not that big a deal,ELI The declining effectiveness of antibiotics What changed Why arent we finding any new ones,5
dickwag,6,2,1r7rs9,2,Ive just read a very interesting articlehttpwwwclimatecentralorgnewsamericansuninformedaboutfrackingsaysnewstudy on rscience about how uninformed Americans are about fracking and I realized that I dont really understand everything going on there So ELI please and thank you,ELI Fracking or Hydraulic Fracturing and the controversy behind it,4
ramboost,1,0,1r7rmu,3,I havent heard of of any typhoon that did so ,ELI Do typhoonshurricanescyclones ever move from west to east If they dont why,3
tracingspirals,8,5,1r7qyz,3,It gets quite unsettling and annoying when youre trying to sleep ,ELI Why does my room make knocking and creaking noises in the night,8
ISecretlyHateMyself,3,1,1r7qg9,3,,ELI Why we always seem to feel the need to suppress laughter,4
jm,4,0,1r7q3s,3,There is more protein in potato chips for example,ELI Why is milk said to be a good source of protein when it contains only about  ,3
Zircle,2,1,1r7pwf,3,I get the impression that China creates the majority of our bulk order drugs though I am not sure I mean say I wanted to order a large amount of vitamin C I see  kilos from alibaba but nowhere near that number anywhere else,ELI Where are the majority of drugs manufactured,4
Nicopm,12,2,1r7pm8,3,,ELI Why can you train dogs and not cats and why are some dogs easier to train than others,5
SleepyCommuter,1,2,1r7odr,3,Source article httpwwwbbccouknewsmagazine,ELI With China set to relax their onechild policy what kind of effect will this have on their population their consumption of the worlds resources and their economy over the next  years,5
Jasonkharo,2,1,1r7o4z,2,After reading thishttpwwwbbccouknewshealth article on the BBC website it talks about removing genes from a chromosome down to a number of  If that was possible to do on a human what would the effects actually be Also delving into the realms of scifi here what would happen if we replaced said missing genes with a canines genes Or some of them any wayThanks,ELI What happens when you take away genes from the Y Chromosome,3
AdmirlAwesome,4,2,1r7n83,1,,ELI Why do stove tops have a general indicator for their temperature,3
FourFlux,7,0,1r7lqo,2, ,ELI How do we know atomic particles like Protons and Electrons exist for sure if microscopes cannot see them,2
liesedgartoldus,7,0,1r7kw9,2,I know space is incredibly huge and I love hearing new explanations of how big it really is a user once said imagine you have a really big piece of paper and a ball point pen put a single dot down and that represents our solar system  feet away draw another point thats the closest star  miles another dot and that barely to the middle of the milky way what are more examples ,the size of space,2
yoghurtpipe,7,4,1r7jdr,1,Im a smokerI understand the health risks yet I choose to continue to smoke and by doing so agree to pay money to the public healthcare sector in the form of tax Fairs fairAlmost all western countries have a significant problem with obesity Wheres the liability of Nestle Coke McDonalds and so on ,ELI Many countries place a high tax on alcohol tobacco fuel etc for their detrimental effects on society Why isnt confectionary  fast food treated the same,5
NeedsMoreBatman,3,3,1r7id6,2,Even if its not a large food chain if you wanted to keep the ingredients to a dish secret are they allowed to keep it a secret legally ,ELI How is it that large food chains are allowed to keep their secret ingredients legally kept from the public at the risk of allergies or religious considerations,5
Hyamez,7,2,1r75g1,3,Just the basic summary ,ELI Black Holes,5
mossikan,6,2,1r73wt,2,,ELI If December has the shortest days why is it not the coldest month,4
MsPenguinette,3,1,1r71f3,1,,ELI What do the two numbers for blood pressure readings represent and why cant it be represented with just one,2
stormtide,2,0,1r6z9c,3,What happens to your property if you are sentenced to a long term in jail Does it go to sale at auction if you cant meet the payments What normally happens if say you own a house or business and get sentenced to  to  years in jail,ELI what happens when you go to jail for  years if you have a house or business,3
PooPatrol,3,3,1r6z4i,2,,ELI Why are people different colors,5
mayonegg,0,0,1r6z2g,3,,ELI The difference between availability heuristic and representative heuristic,3
somebodythatiusedtob,3,0,1r6z17,3,I have court tomorrow in Marion County IN and I want an idea of what is going to happen How much will it cost me I feel pretty in the dark ,ELI How do pretrial diversions work,3
Saftrabitrals,4,0,1r6xsh,2,Hawking Radiation is a result of one member of a virtual particleantiparticle pairs created at the event horizon of a black hole Sometimes one member of the pair will enter the event horizon and the other member will emerge as a real particleWouldnt exactly half of such events add a particle to the black hole while the other half removed one resulting in equilibriumWhy does this interaction favor the outcome of the virtual antiparticle falling into the black hole and canceling some of its mass,Hawking Radiation Why does it allow energy to escape,2
bigmackdaddy,3,0,1r6x1g,3,Could someone basically explain what holds me together What holds together the stuff that makes up my being What holds the building blocks of that stuff together And so on,ELIThe strong and Weak Nuclear Forces and what holds molecules together and what holds many molecules together,3
IHaveNeverLeftUtah,4,1,1r6vrp,3,,ELI Why dont I roll out of bed like I use to when I was little,4
mlara,2,1,1r6v5n,3,As mentioned in the title what is the point of crying Also why is it when we cry do we get runny noses,ELI Why do we cry when we are sad or hurt,4
meandyou,2,2,1r6ub9,2,If hes on a contract for three seasons but he doesnt even play for one is he still paid the same,ELIIf a NFL player is out for the season due to injury how does payment for him still work,4
BakaBear,3,2,1r6txd,3,Does anybody have a simple way to explain to somebody what a meme is This is very frustrating trying to explain it to a friend who doesnt use the internet much and lots of people seem to have this problemEDIT I should clarify Im talking about internet memes,ELI What a meme is common question,5
aepyx,2,0,1r6tro,3,I read about suspensions all the time in the NFL such as the  day suspension of Erik Walden for a headbutt helmet on against Delanie Walker without a helmet  But I could find nothing about what this penalty really means for the player or the team  It seems longer suspensions definitely have more teeth but that is about all I could surmise  I guess Im just trying to get a better sense of what a penalty like this really does What kind of impact does a penalty like this really have especially a  day suspension Do the player still get paid during that time Does the player just sit in the locker room during the next game or so What do the coaches usually do when they find one of their players has been suspended for a periodI tried to find some kind of article online that stated exactly what happens during a suspension for a player or coach but I came up shortThank you,ELI What impact does a suspension have for a playercoachteam in the NFL,3
sulfurboy,2,0,1r6tcm,3,,ELI Why is it when I unsubscribe from an email newsletter it says it may take days for the changes to go in effect Shouldnt this be instantaneous,3
WanderingKing,5,1,1r6quj,1,,ELIHow exactly do you make a BTC or LTC Paper Wallet step by step and can youshould you add funds to it after you make it,2
kira,2,0,1r6q06,3,Lets say this is the case for the prisoners dilemmagame theory                              B        Strategy     Left      Right  A    Up                    Down               Please ignore the dots Would the Nash Equilibrium in this case be UpLeft Is it as simple as having two values in the same box being ideal for that certain case Also if both UpLeft and DownRight boxes each had the best values could there be two Nash Equilibrium Edit pic of the diagram if you can not see it httpiimgurcomQofhQUpng,ELI What is Nash Equilibrium,3
cunthouse,6,0,1r6o5w,2,Is it possible for dogs and other animals to have a cognitive disibilities like humans making them actually derpy  Thinking along the lines of autism down syndrome etc  ,Can dogs be mentally challenged,2
rainyforest,4,0,1r6o08,2,Whenever I look at a population map there is a huge difference in overall population in a perfect half split right in the middle of North Dakota all the way down to Texas The East overall has a way denser population density compared to the Westnot counting the coasts Why,ELI Why is there such a significant split in population between the Eastern and Western United States,2
clarkster,5,0,1r6jgr,2,With todays modern dentistry removing wisdom teeth takes an appointment and a couple rough days of recovery If you dont get them removed I know they can cause severe pain and jaw problems with many people What did humans do before modern dentistry,ELI Before modern dentistry what did people do with their wisdom teeth,2
Ermordung,1,0,1r6ivb,2,For example why does Skyrim look so much better than Oblivion on the same console What changes allow for these big gaps in graphics quality,ELI How do video game graphics get so much better over the lifespan of a console with the same hardware,2
smooreo,10,0,1r6h9k,2,,ELI If you can tell if a person has smoked marijuana even after a month of doing so in some cases why do we not have more drug tests to crach down on illegal substances,2
IAmAPest,7,0,1r6h70,2,So this is prevalent in MMA  rear naked chokes etc  it causes the victim to go to sleep  why does this happen,ELI Why does choking someone out cause brief sleepunconsciousness and not death,2
rcky,2,0,1r6gyy,2,,ELI Why is there different internet speed and prices,2
KrylonKid,10,0,1r6guc,2,,ELI What can and cant I Write Off as a business owner How does it work,2
Japast,2,0,1r6gss,2,,Why do Pop Rocks pop in my mouth,2
Parametrize,1,1,1r6gg1,2,,ELI The Navier Stokes equations Why are they so hard to solve,3
XenoRyet,0,0,1r6g7f,2,I can get my head around the idea of positive void coefficients and how they can cause power spikes but that doesnt seem to explain why the reactor is unstable in the first place or why its more unstable at low power,ELI Why are RBMK reactors like the ones at Chernobyl unstable at low power levels,2
Bucky,6,0,1r6dvi,3,Im not mechanically challenged but dont quite understand all the dynamics as to why the Cummins  has same torque as the powerstroke or Duramax,ELI How can inline  cylinder engines be as powerful as a V Example Cummins vs Duramax,3
Vivessolounavez,1,0,1r6cp6,2,I am referring sanitizer being held in a bucket and a rag used to clean things If i were to use it to clean a knife that just cut raw chicken and put it back in the bucket is the sanitizing liquid now contaminated,ELIHow longhow many uses until restaurant sanitizer is ineffective,2
Jam,7,0,1r6c3c,2,,ELI How can the Feds and IRS raid Denverarea marijuana dispensaries and grow operations if it is legal within the state of Colorado,2
hrishirc,1,0,1r690u,2,,ELI  Organic Solar Cells,2
Skittlefanth,3,2,1r66y9,2,,E Why do we need pubic hair and how come we havent evolved to lose it yet,4
wmbenham,1,0,1r5ora,2,In Georgia we have the Hope Scholarship and I know other states have similar scholarships where you maintain a certain GPA and receive a certain amount of money thats supposed to cover books tuition etcSo does all of this money actually increase the cost of college because the schoolspublishers expect that any increase in cost will then be covered by the scholarship,ELI Do Statewide free tuition scholarships in the US actually increase the cost of college,2
gronnelg,11,1,1r5nsj,2,As I understand he was well liked president and was then assassinated But its been How long Why is he still spoken about so much made movies about Obama visiting his grave etc,ELIwhy is Kennedy such a big deal in the US,3
ISecretlyHateMyself,8,0,1r5kjr,2,Just some examples Ive noticed Sometimes Ill feel a cold sensation and not just on my forehead where sweat may accumulate Shivers going down ones back My nose seems to magically clear up and it feels magical too,ELI the exact physiological changes whilst in fight or flight mode,2
bricksquad,3,1,1r5jnz,2,,What would really happen if you ate one of them little do not eat packs From beef jerky bags,3
mleibowitz,6,1,1r5j40,2,Why is it that some games have amazing modding communities and others dontSkyrim has thousands of mods that have add weapons graphic enhancements and more places Why is it that a game like dishonored has none,ELI Why are some games easier to mod than others,3
mandiros,9,10,1r5ibt,3,I see this quote on reddit often and people seem to always upvote it While the litteral meaning is quite clear I am unable to find some special figurative  significance to it Would someone please help me understand what Douglas Adams meant by that,ELI In the beginning the universe was created This made a lot of people very angry and has been widely regarded as a bad move,13
EnsonAmata,14,0,1r5gjp,3,,ELIWhy wouldnt the United States adopt an isolationist stance and save themselves billions of dollars by staying out of war zones,3
JiggaSam,10,1,1r5etp,3,Infinite ChocolatehttpiimgurcomuKRyzgif Ive seen this around for a little while but not really explained ,ELI How does cutting this chocolate bar seem to alway have an extra piece,4
WWntJD,8,1,1r5dxv,2,I am subscribed to ranime  and I constantly see people posting vector drawings and was curious as to what that actually means,ELI What exactly is a Vector Drawing,3
mabsiewakka,4,0,1r5cq2,2,After hearing about the term on the latest Modern Family  not being a native speaker and curious i did the google and Wiki but no good explanation i will try to seek an answer herehttpenwikipediaorgwikiOsmosis,ELI Osmosis,2
darlynbb,6,2,1r5cgl,3,I cant even stand being in a house that is above  degrees Celcius in the winter,ELI If an average humans body temperature is  C  F why when we are out in temperatures below our mean temperature do we burn or overheat,5
lashed,8,2,1r5aii,2,Influenced by the recent Robinson Cano controversy Dude wants a  year  million dollar contract When did this become okay to ask forI sort of understand the economics behind it My question is more when did star athletes become the  and how did it get so out of hand that teams are signing decade long contracts for hundreds of millions of dollars,ELI When and why did athletes begin to get paid such high amounts,4
dbatchison,5,0,1r57ez,2,I live in DC and should know what this means but I am an idiot,ELIthe so called Senate nuclear option,2
NapoleonYoda,21,1,1r553p,2,If the calculation for the force of gravity depends on the masses and distance between two objects then why do we say gravity on Earth is  metres per second squared Does it change with regards to how high up you are or how heavy you are,Is gravity really  metres per second squared,3
phillip,19,2,1r54zk,3,,ELI Why does it take so long for major reform to happen if most of the general public agrees that change needs to be made eg Marijuana and Gay Marriage,5
beardlessdick,2,0,1r536g,2,Im trying to understand the whole Pollard situation I come from a Jewish background so Im trying to hear an unbiased viewpoint Many of the Jewish peopleIsraelis I know have said that his sentence was excessive for what he did and other spies have gotten of easier for worse Ive seen lists of spies who sold information to allies and enemies who were released much earlier Why is that the case What am I missing,ELI Why has Jonathan Pollard been given the sentence that he is serving,2
Matshazi,1,0,1r506v,2,In the corporate world when one department bills another in the same company for a service what happens to the money spent on that service What does accounting theory say about this or common practice,ELI How does internal billing work accounting,2
wastedwannabe,1,1,1r4yyl,1,the website is full of corporate sounding nonsense,ELI please can someone explain what TinCan is and what it can be used for,2
reviewerx,4,1,1r4wvh,2,I realize it was more costly to shoot in color but sound was adopted almost immediately while color took several decades to become the norm,ELI Why were movies still made in black and white well into the s,3
MagicWok,14,1,1r4ut9,3,Despite America and Japan being allies ,ELI Why is Japan not involved in the Afghanistan War,4
Gregbygreg,11,2,1r4tye,3,I have never been able to find a reason why part of our body gets a tingling sensation and barely works,Why do our limbs fall asleep,5
JPGBerg,6,0,1r4r82,2,Ive been seeing these crazy Korean before and after photos httpblogasiantownnetkoreaisamagiclandwhereitcanmakeeveryonebecomehotgirlandhotboynowadayspicsI really dont get how you can just change the shape of somebodys face like that This is going to sound childish but do they like break all the bones in your face then put them back together againThis is going to sound even more ridiculous but in some of the during photos it looks like they dont have any bones in their face at all What is the deal with this,ELI How does plastic surgery work,2
JonBoyWhite,4,0,1r4ncq,2,Just curious because Ive never truly known ,What exactly does chkdsk r do when you use it,2
mark,10,0,1r4lma,2,I apologize for the vague question What I want to know is how its possible that a bunch of randomly distributed amino acids on a planet  given the ideal circumstances  form an organism even if its just protozoa Is it like they start to merge in random ways and one of them results in organisms And how the hell did organisms start to develop brains,ELI How can a bunch of randomly distributed amino acids on a planet form a whole organism,2
Jabrutal,2,0,1r4h3t,3,For example Thanksgiving is always the last Thursday of the month while Veterans Day and Christmas are celebrated on Nov  and Dec  respectively,ELI How come some holidays are based on a certain date while others are based on a certain day of the month,3
minamesrobertpaulson,5,1,1r4fh2,1,How can air blow by itself in a certain direction What causes air to move What generates it,ELIHow does the wind work,2
BrinkBreaker,3,0,1r4d3u,2,First are forcefields such as those in starwars possible I understand that generating an electro magnetic field that manifests as a physical barrier is complicated at best but can it be done with the laws of physics being what they are    If that scifi situation is not possible what about using electromagnetic forcefields to shield Electromagnetics from ambient light to gamma radiation,Are forcefields possible or even feasible,2
iliyax,1,2,1r4asm,3,,ELI Why do we not remember when we fell asleep and why do we remember our dreams only moments after waking up and it all disappears from our memory in a matter of minutes in my case seconds,5
Kayep,8,0,1r48s0,2,Most of my family member drink a couple beers or a glass of wine at night and it seems acceptable and normal more for the men than the women A lot of families I notice do this but I was thinking if it were a harder drink such as vodka or whiskey it wouldnt be as accepting Why is this since its all alcohol,ELI why is it OK to drink beer or wine with dinner or before bed every night but not vodka or whiskey etc,2
quicksilverb,5,0,1r485c,2,You always see the signs telling you to wash your hands for  seconds under warm water why not coldAlso if I poured Liquid Nitrogen on my hands other that it freezing my hand wouldnt that sterilize it,ELI If there are bacteria that live in hot and cold environments why are we told to wash our hands with warm water,2
solidox,10,0,1r46fw,2,Sure maybe you havent thought of it first but pretty soon when youll take a screenshot itll come to you You dont have to be a hacker its just there,ELI How did Snapchat have so much success when taking screenshots completely defeats the purpose of the app,2
MetalCreed,1,0,1r42rr,2,,How do vinyl records work,2
Lyunii,7,2,1r3z49,1,I have absolutely no idea how it got this badBut I know nothing about computers other than how to use them I dont know how they work I dont know what any of the parts are called or what they do I dont know what RAM is or a CPUThe only  parts I know the name of are the monitor the computer the mouse and the keyboard I know this is a question with a broad amount of answers but I dont know where else to go HelpEDIT Thank you everyone for all your help Maybe now I can build my OWN gaming PC,ELI Computers,3
MaseDog,2,1,1r3tqe,1,Why is it that you can only see the breath you exhale on certain nignts Does it have anything to do with humidity Thanks in advanced ,Why can you only see your breath when its cold,2
AcroMorph,4,0,1r3t8z,3,,ELI How does a blood pressure instrument work,3
allanmac,1,2,1r3scr,2,,ELI Why does my nose run when im cold but is fine when im hot Surely bogeys should melt in heat and freeze in cold,4
CG,4,1,1r3r3u,2,The stuff is horrifying What is it made with that makes it so costly,Why is printer ink so expensive,3
chnby,1,0,1r3lkd,2,I am always so confused about APR  Is it the interest rate you pay if you are late  So why does it matter if it is super high APR but if you pay your bill on time and get charged no interest,ELI What is Credit Card APR and how does it work,2
notevenfinalform,3,0,1r3k2z,3,,How do nootropicbrain enhancing drugs work,3
Hbender,1,0,1r3hsq,3,,ELI Baking soda is used in baking toothpaste laundry cat litter etc What the heck does it do,3
viralvirus,3,0,1r3hfx,3,,ELI How do animators make characters mouths sync up with the script,3
JodiMichelle,6,4,1r3hb8,1,Why cant we make a magnet that will attract nonferrous metals What is so special about Fe,ELI Aluminum Magnet,5
turtleattacks,4,0,1r3ewu,3,Currently downloading some drivers from Apple its a MB file When it first starts it maxes out my broadband at about MBs but it always slows down to about kbs after  or so minutes If I pause it and restart it it becomes fast again,ELIWhy do my downloads always start off fast then drop down and down and down When I restart it becomes fast again,3
Etular,8,1,1r3dgm,2,My source for this is the World Economic ForumhttpwwwweforumorgdocsTTCRTTCRDataTablespdfNeedless to say whilst Norway is often seen as a world leader in regards to matters such as healthcare education income equality and just general development why does it lag behind most other countries in regards to the quality of its roads the quality of its railroads and even just the general reliability of ground public transportationMost responses Ive heard on this tend to be mostly mumblings about how its because the public services are publiclyowned and not privatelyowned If this is truly the case ELI why private ownership of transport is so allegedly drastically better than public ownership Why cant public ownership of services work just as efficiently,ELI Why does a country frequently seen as the most developed Norway have such poor public transportation,3
Benolds,2,0,1r3cfu,3,All the searches are vague and never fully explain what it means,ELI The endocrine system,3
sehns,4,0,1r3c1n,2,,ELI Why is it whenever you see a video of a politician speaking in congress or parliamant the majority of seats in the room are empty Where are all the politicians,2
BatmantheBrony,10,1,1r3bzp,3,Sorry if this isnt the right place for this question But why does the US and other countries Im sure have enough nukes to destroy the entire world I understand keeping a few around for emergencies but why do we need so many,ELIWhy does the US have so many nukes,4
Scrannon,0,0,1r3bew,2,,ELIIve heard they can use aortas from pigs in humans would it be possible to use pig lungs in people,2
aviddaydreamer,11,2,1r3a50,2,,Eli why  days to a year Howd we settle on it ,4
TheWetCarrot,6,0,1r39x0,2,Explain to me what I should do if I see a well on pregnant lady choking,ELI What do you do if a pregnant lady is choking,2
demeuron,4,0,1r39o4,3,All I know is that Jay Leno retires Conan gets his job Jay Leno gets Conan fired and takes his job back What happened behind the scenes,ELI The ConanJay Leno Tonight Show Fiasco,3
twas,12,2,1r38ni,3,,ELI If I turned my laptop on in space where would the heat energy go since there is no air,5
mysuperdoc,1,1,1r38kc,2,,ELI why we get pins and needles,3
cosmicbuttercpu,4,1,1r37ji,3,,ELI Why are older houses s to s badly insulated Wasnt energy already expensive then,4
cocolvr,5,1,1r37ik,2,Ive added the link to a video from  as an example of this older accent httpwwwyoutubecomattributionlinkaSFbYmqWZgFchHegsbwampuFwatchFvDtnBjbgliMMMfeatureDshare,ELI Why is it that in older movies English and American accents so different compared to today Does this major change occur every century Why,3
Zacha,6,3,1r37cm,2,,ELIwhy do australians have a british accent while canadians dont,5
sellyourdreams,3,1,1r3735,2,,ELIHow is it flocks of birds seamlessly know which direction the rest of the flock is flying,3
MCMXChris,5,3,1r372e,1,,ELI how does fantasy football work,4
haydenv,2,0,1r34x8,2,I saw thishttpimgurcomnuwgAG on rGIFs earlier Stare at it for  seconds and everything else is moving for a couple of seconds  Can someone explain what causes this effect ,ELIWhy do hypnotic or psychedelic videosGIFs temporarily distort vision,2
cyrusm,4,0,1r3470,2,Is it just a matter of dry landwet land or is there some important difference in the makeup of a continent versus all that rock at the bottom of the sea  I was just reading up on Pangaea and plate tectonics made me wonder,ELI geology Are continents geologically any different from ocean floors,2
upthebannana,11,1,1r346s,3,I am a European that has moved to Texas i have heard a lot of talk about Texas being able to secede however I have seen conflicting reports on the internet about its ability to do so,ELIIs it possible for Texas to secede from the union if so what is the legal procedure of seceding,4
bwigdack,9,0,1r33jh,2,Can you make a perpetual motion machine out of polarized magnets Im thinking along the lines of a ring or circuit with fixed magnets and a projectile with opposite polarity Edit I did mean same polarity Thanks for the responses so far ,ELI Can you make a perpetual motion machine with magnets,2
bhennessie,2,0,1r32yp,2,Can someone please explain what Epigentics is and why it is becoming a hot topic in research,ELI Epigenetics,2
HawaiianDreamer,6,0,1r30tr,2,Im learning about photography but Im having a hard time understanding the difference between SD and SDHC When shooting or video recording how does the writing speeds affect the performance on a DSLR camera,ELI What is the difference between a SD card and SDHC How does the writing speed affect DSLR cameras,2
BigBoyJam,5,0,1r2z85,2,Im browsing through some channels and I see this news report that the people in Okinawa want the US base gone and the only threat to Japan is China and North Korea but there are bases in other parts of Asia that can easily help Japan in case of emergency so why stay there when they can go somewhere near by,ELI What are some US military bases around the world that are not neccesary to have Why are they there in the first place and what keeps them there,2
NewTeethThatsWeird,2,0,1r2y9b,2,Im familiar with Pascals Wager and basic philosophy but Im not familiar with LessWrong or any Transhumanism ideas,ELI Can someone please break down Rokos Basilisk for me like Im not familiar with AI or Futurist theory Cause Im not,2
alwaysfiveyearsold,0,0,1r2xik,3,Apparently the suns going to flip polarityhttpwwwindependentcouknewssciencesunwillflipupsidedownwithinweekssaysnasahtml in the next  monthsI was wondering why this happens and how  I also know that the Earth does this every so often too is this a different mechanism,ELI Why does the sun reverse polarity every  years and how does it happen,3
Violoner,1,0,1r2xbh,3,,ELI How do regenerative brakes work,3
mndyre,1,2,1r2pm3,1,Its happened to me twice in the past  years  First time was at my house in Peterborough ON  I was on my stomach trying to take  a nap and all of a sudden I felt like someone was holding me down  It was a woman I couldnt move or talk but my eyes were open the whole time  She was also whispering my name Amanda  in my ear  Then it just stopped   The second time was at my sisters apartment in Toronto  Eyes were open and I felt like someone was holding me down but groping at me this time  I couldnt move or talk  And it was a mans voice talking to me  Oh you like itYeah  So weird  Anyway both times ive been completely freaked out,ELISleep Paralysis,3
ShadySlim,9,2,1r2nid,2,,ELI Why didnt SnapChat accept Facebooks  billion offer Surely that amount of money will have all of the employees set for life,4
TatsukiTakatsuki,6,5,1r2i5z,1,,ELI Why did silent films exist Dont microphones predate the video camera,6
atzro,8,2,1r2h41,2,There are medical doctors and philosophical doctors and education doctors There are all kinds of doctors What does doctor actually mean Expert,What does doctor actually mean,4
SinisterSlug,38,9,1r2e7o,1,I feel like the title is pretty selfexplanatory And by the way  do not let this evolve into an argument from rightwing people All I want is a succinct answer from a liberal Thanks for your answers Sinisterslug,ELI Why do leftwing people believe that certain industries need to be nationalized healthcare energy education but others do not Or is their goal for all to be nationalized,10
TheCarpe,1,0,1r2e6p,3,So I have to do a presentation on this thing for a college math course and every time I look it up the definitions and explanations make my head hurt  No Im not asking for someone to write my presentation for me just to help me understand this thing a little better so I have something to work with,ELI The Poincare Disk Model,3
Ethanlikehis,3,4,1r2d6c,2,What does VPN stand for and what is it used for ,ELI VPN,6
pinripper,2,0,1r2cxv,2,What is the prime number gap Why is it important to prove the twin prime conjecture What real world effects will this have,ELI The significance of the prime number gap being lowered to ,2
UpbeatMelon,9,3,1r2cdn,2,,ELI Switzerland will vote on Sunday on whether to limit the salaries of top executives so they dont earn more in a month than the lowest paid workers earn in a year Wont these executives just pull out the company card more often to pay for things How will this change anything,5
modicumofexcreta,5,0,1r281s,2,How did the land bridges work Ive always imagined they were really narrow isthmuses maybe ancient people could even see water on either side of them as they were crossing My friend however says they were much narrower and that people were essentially waistdeep in water as they crossed them ,ELI Land bridges,2
brittafiltaperry,0,0,1r1xr0,2,Im currently writing an assignment partly in which I have to discuss the benefits of Polyarchy by Robert Dahl I am aware its a system currently used in many developed countries governments such as the USA But my reading is make my head spin about what exactly it is please spell it out to me like Im What I cant seem to make clear is is does polyarchy promote more or less public participation And polyarchy does mean spreading the power around right What are the benefitsAlso can anyone relate it back to Gaetano Moscas viewsIve read the wikipedia page but my brain is fried at this point,ELI What is Polyarchy,2
Fuckingirene,0,0,1r1vmq,2,,ELI How do we set a walking speed when we walk with other people,2
goekhans,1,0,1r1ul9,2,Wikipedia says Prisca theologia is the doctrine within the field of comparative religious studies that asserts that a single true theology exists which threads through all religions and which was given by God to man in antiquity It might be because english is not my first language but i cant seem to makes sense of this Does this mean that a believer in prisca theologia believes that followers of all religions basicly worship the same god but under different eh circumstances,ELI Prisca theologia,2
YoManBroGuy,4,0,1r1seh,3,,ELI Why is it called a soap opera,3
Kldsrf,3,1,1r1rdi,2,,ELI Why is sex addiction a bad thing,3
whattheecon,0,0,1r1q42,2,,Smith vs Marx vs Polanyi take on capitalism,2
MarvellouslyEdible,1,0,1r1ihk,2,,ELI How does my email determine what is Junk,2
EgaoNoGenkiIII,6,1,1r1htz,2,Youve heard of regenerative braking on HybridsWell keyboarding involves kinetic energy too Energy is consumed our typing muscles and created through the motions of our keys pressingWhy cant the motions of our keys and them hitting the base of the keyboard turn into energy that brings back a little more juice to the batteryIf such regenerative keyboarding has been invented why havent I heard of it,ELI Why isnt there regenerative keyboarding on our laptop keyboards in order to prolong battery life,3
everhighroller,4,0,1r1hle,2,And why do people frequently see demons and other scary shit,ELIWhat Is Sleep Paralysis,2
okillconform,2,0,1r1gbo,2,And why does it make soda taste better,How are drinks carbonated,2
YourFavTro,3,0,1r1fxt,2,,ELI What are the current relations with the US and BosniaHerzegovina,2
jughead,4,0,1r1f96,2,In other words how do we know how many people want to find a job vs how many do not,ELI If the unemployment level is defined by how many people WANT to work but cannot find a job how can we calculate this number,2
Wpcrr,2,0,1r1f3i,2,I see videos and blogs about withdrawal experiences from Xanax or Zoloft or this or that while others are still on it and are doing fine Why is there a need to come off of a medicine Why do they do this and why do most if these idiots stop cold turkey,Why do people have to go through drug withdrawal,2
netarangi,16,0,1r1evk,2,My max download speed is MBps torrent was going at KBps and the stream uses KBps maximum this leaves KBps to be used Why does my stream stutter every  seconds or so when theres so much bandwidth left No one else using connection,ELI Why can I not torrent and stream at the same time,2
shinyscales,3,3,1r1dda,2,Wouldnt the Bernoulli effect push them into the ground Is it just about angle of attack I am confuse,ELI How can planes fly upside down,5
Crynopsa,5,0,1r1cox,2,,ELIHow does shredding paper or something large not shred the molecules,2
eevank,3,1,1r1c09,1,Ive never understood why in places like America they government spends billions on preventing the distribution of pot when they could simply adapt to the demand of it and still maintain order Would it be so difficult to have licensed Marijuana breweries and liquor stores so to speak and enforce rules much in the same way rules on alcohol are enforcedeg No smoking in public places public intoxication no sale or possession by a minor I am not pretending to be an expert on this matter but I do wonder if this would be a reasonable solution to a continuous problem ,ELI Why isnt Marijuana Distributed and Kept Under Control Much in The Same Way Alcohol is,2
jteng,1,0,1r1bp3,2,With the leak of the TransPacific Partnership Agreement I was wondering besides needing Senate approval whats the difference between a treaty and an agreement,ELI  Whats the difference between a treaty and an agreement,2
SenorScoop,3,1,1r1bah,1,Why do they plague me so,ELI What are allergies and why do I have them,2
GameBlouses,5,1,1r1al7,3,Especially with Criss and some of his more extreme stunts ,ELI How Criss Angel and other magicians levitate,4
speak,3,0,1r19pr,2,,ELI Elvis Presley particularly why he was so influential and significant,2
imCluelessItsTrue,7,0,1r18ld,2,Also why does the government not take away the status of legal tender if these old models can be counterfeited and used easily,ELIIf old US currency has less security features than new ones why dont counterfeiters simply replicate older models instead of newer models,2
dragonaught,3,2,1r174p,2,I stopped using shampoo and conditioner about  a week ago but I still wash my hair with watereveryday Im curious to see what problems that actually causes If anyone is interested I used to get bad dandruff but I found that I dont get it anymore after washing with just watercheers,ELI what does shampoo and conditioner actually do,4
vashp,1,0,1r16b6,2,I know its tough to understand but think about if you were to shine a flashlight and hold it ALMOST parallel to the wall The light would come to a sharp cone near where it first hits the wall and the other end would be a very rounded and large edge ,ELI Why doesnt laser light elongate when you shine it at an angle,2
IPP,4,0,1r161e,2,Why isnt jet engine affected by rain when a plane flies through the clouds or through rain I know that every engine is based around small explosions this includes jet engine Does water cool down the chamber where gasoline is burned if so how does it affect the engine,ELIWhy isnt jet engine affected by rain water,2
thenuff,3,1,1r144g,3,,ELI What is DDoSing,4
steelerz,2,0,1r12qb,2,Why do fingertoe nails curve when they grow out Why dont they grow straight,Why do fingertoe nails curve when they grow out Why dont they grow straight,2
jonnybadd,5,2,1r11z5,2,Hi all have searched and cant find this question asked Is there any plausible reason why when I am sober I have maybe  cigarettes a day but within a few hours drinking I may smoke  times that amount ,ELI why do I smoke more when I drink,4
PokePoacher,2,0,1r1192,2,I might be getting a samsung galaxy note  and it comes with a microUSB  charge port my current phone uses a microUSB to charge and transfer pictures between the phonecomputer I was just wondering whats the difference between the two,the difference between microUSB  and ,2
DjMog,2,0,1r115i,2,,ELI how teachers unions got started and why some people think they are terrible,2
eaglessoar,7,3,1r10za,2,Why is it the only letter with a bunch of rules ,ELI Whats so special about the letter q,5
sleepydad,1,0,1r0zuf,3,,Why is it that in the winter time every time I get out of my car i get shocked when I touch the door to close it I dont have leather seats,3
Skullbone,2,1,1r0x6e,2,I have heard many call it a dictatorship I know its officially a democracy with Putin as president but does he have more power than Obama or is it a lot more complicated,ELI The current government in Russia,3
jeudyfeo,1,0,1r0wx1,2,I know in reallife courts the Jury decides the case whether guilty or not how do shows like Judge Judy or Caso Cerrado Spanish Judge Judy work without Juries ,ELI How do TV Court Room shows work without a Jury,2
crazeeeu,1,0,1r0w8m,2,What is it and why do people get them ,ELI what are honorary degrees,2
jerecock,1,2,1r0olb,1,Ive always cracked my bones like my fingers and back and Ive always been told that doing this repeatedly was a bad thing What is actually happening when you do and repeat this action,ELI What is happening when you crack your fingersback,3
ChattyCathy,1,3,1r0af2,2,I have been recorded and the way I sound on the recording is different than how I hear myself,why do I sound different to myself than to everyone else,5
slimpasty,15,6,1r0a3l,1,Obviously there must be a sensor or something but is there also something inside of the cars And where is it the end of the gas handleEDIT sorry didnt check thoroughly enough this questions been asked already,ELIHow do gas pumps know when to stop filling,7
Nicholaes,2,4,1r05yp,3,,ELI Why does your teeth hurt when you bite on metal objects such as tin foil when you have fillings,7
GIFframes,8,0,1r036c,2,I understand what the sound meant but I dont get why it just wasnt sent over the wire rather than filling the entire house with robotdeathscreams,ELI Why did we the users have to hear the dialup noise of modems,2
TownIdiot,4,1,1r00n3,2,,ELI If cops were monitoring rtrees and somehow found out someone was posting pictures in their jurisdiction could they legally do anything about it,3
sjogerst,4,2,1qzzrd,2,What is the threshold for a studio to release a series or set of episodes on Netflix What analysis does the studio perform to make the decision,ELI what determines when shows and episodes are released on Netflix,4
SageOfSkyrim,13,0,1qzxbs,2,For example here in Washington state we dont have a tax on food products bought from places like Safeway WalMart etc But if you go to a restaurant you have to pay tax on the meal Why,ELI Food Tax why in a restaurant but not a store,2
DosGuru,4,0,1qzvuf,2,Does that mean theyre going to make more money selling me a  bitcoin mining device than Im going to make actually operating it,ELI Why does a company like Butterfly Labs sell bitcoin mining hardware when they can keep the technology to themselves and do their own mining,2
workingthrownurway,11,0,1qzveo,2,Ive been reading questions about their interactions a lot on here lately but generally the questionanswer is What happens when they interactThey destroy each other  What do we mean by destroy literally destroy they cease to exist or are converted to some type of energyAlso since particles are everywhere why dont we see more of this happen  What I mean is if there is antimatter why isnt it immediately destroyed when coming into existence,ELI When particles and their antiparticle counter parts interact and destroy each other how come we dont see this destruction more,2
